Consulta dos dados diários reservatório para GBM de 01/01/2020 até 18/06/2021

                                                Vazões (m3/s)
Dia           Mont     Vol.Útil  Afluente  Vertida Turbinada  Defluente    Transf          MW

01/01/2020    712,87     22,36    221,35    0,00       0,00        0,00      0,00          0,00
02/01/2020    712,96     22,54    207,54    0,00     125,08      125,08      0,00        114,46
03/01/2020    713,08     22,79    214,42    0,00     106,61      106,61      0,00         97,25
04/01/2020    713,37     23,37    258,45    0,00       0,00        0,00      0,00          0,00
05/01/2020    713,67     23,97    262,01    0,00       0,00        0,00      0,00          0,00
06/01/2020    713,67     23,97    276,59    0,00     276,59      276,59      0,00        260,79
07/01/2020    713,53     23,69    282,14    0,00     406,91      406,91      0,00        385,00
08/01/2020    713,40     23,43    267,64    0,00     380,82      380,82      0,00        358,04
09/01/2020    713,19     23,01    258,66    0,00     444,03      444,03      0,00        416,29
10/01/2020    712,48     21,59    269,09    0,00     893,30      893,30      0,00        845,50
11/01/2020    712,06     20,76    340,25    0,00     703,96      703,96      0,00        657,38
12/01/2020    712,25     21,14    371,88    0,00     208,69      208,69      0,00        193,00
13/01/2020    711,86     20,39    271,95    0,00     600,49      600,49      0,00        559,58
14/01/2020    711,76     20,19    290,28    0,00     378,62      378,62      0,00        347,17
15/01/2020    711,36     19,44    293,78    0,00     622,95      622,95      0,00        579,67
16/01/2020    711,01     18,77    323,84    0,00     619,67      619,67      0,00        572,46
17/01/2020    710,79     18,36    314,21    0,00     492,60      492,60      0,00        454,58
18/01/2020    711,08     18,92    287,86    0,00      44,47       44,47      0,00         39,00
19/01/2020    711,39     19,50    256,67    0,00       0,00        0,00      0,00          0,00
20/01/2020    711,17     19,08    231,60    0,00     415,77      415,77      0,00        380,71
21/01/2020    710,98     18,72    211,64    0,00     372,22      372,22      0,00        339,33
22/01/2020    711,16     19,05    233,15    0,00      85,08       85,08      0,00         75,29
23/01/2020    711,24     19,22    216,77    0,00     143,43      143,43      0,00        127,29
24/01/2020    711,05     18,85    187,02    0,00     349,52      349,52      0,00        321,79
25/01/2020    711,18     19,10    184,31    0,00      75,15       75,15      0,00         68,13
26/01/2020    711,29     19,31    173,52    0,00      80,18       80,18      0,00         71,33
27/01/2020    710,75     18,29    149,82    0,00     598,59      598,59      0,00        555,63
28/01/2020    710,34     17,53    140,73    0,00     475,19      475,19      0,00        435,79
29/01/2020    709,87     16,65    163,72    0,00     553,39      553,39      0,00        505,13
30/01/2020    709,57     16,12    175,29    0,00     408,48      408,48      0,00        368,25
31/01/2020    709,47     15,93    176,39    0,00     258,64      258,64      0,00        229,25
01/02/2020    709,59     16,15    182,06    0,00      86,23       86,23      0,00         76,79
02/02/2020    709,81     16,55    202,36    0,00      23,47       23,47      0,00         21,92
03/02/2020    709,51     16,00    180,27    0,00     424,64      424,64      0,00        391,33
04/02/2020    709,39     15,78    188,42    0,00     283,45      283,45      0,00        252,83
05/02/2020    709,16     15,37    159,66    0,00     340,15      340,15      0,00        304,75
06/02/2020    709,06     15,18    165,16    0,00     249,01      249,01      0,00        220,75
07/02/2020    708,88     14,87    169,69    0,00     306,52      306,52      0,00        271,96
08/02/2020    708,87     14,84    159,82    0,00     172,42      172,42      0,00        151,67
09/02/2020    709,09     15,24    172,58    0,00       0,00        0,00      0,00          0,00
10/02/2020    709,12     15,29    180,45    0,00     154,89      154,89      0,00        136,25
11/02/2020    709,27     15,58    201,73    0,00      77,94       77,94      0,00         67,00
12/02/2020    709,39     15,79    186,23    0,00      90,39       90,39      0,00         78,25
13/02/2020    709,51     16,00    193,73    0,00     102,69      102,69      0,00         89,21
14/02/2020    709,29     15,60    199,97    0,00     377,26      377,26      0,00        339,29
15/02/2020    709,03     15,13    188,03    0,00     392,47      392,47      0,00        352,54
16/02/2020    709,11     15,28    189,01    0,00     124,32      124,32      0,00        107,38
17/02/2020    708,60     14,36    183,63    0,00     589,45      589,45      0,00        531,08
18/02/2020    708,01     13,31    154,47    0,00     614,09      614,09      0,00        549,00
19/02/2020    707,57     12,54    150,45    0,00     491,81      491,81      0,00        436,67
20/02/2020    707,36     12,17    153,78    0,00     318,17      318,17      0,00        278,42
21/02/2020    707,33     12,12    137,28    0,00     158,99      158,99      0,00        136,54
22/02/2020    707,50     12,42    132,60    0,00       0,00        0,00      0,00          0,00
23/02/2020    707,65     12,68    128,10    0,00      11,78       11,78      0,00          9,04
24/02/2020    707,69     12,74    115,15    0,00      88,01       88,01      0,00         75,42
25/02/2020    707,86     13,04    210,77    0,00      81,27       81,27      0,00         69,92
26/02/2020    708,49     14,17    498,89    0,00       0,00        0,00      0,00          0,00
27/02/2020    709,14     15,34    513,22    0,00       0,00        0,00      0,00          0,00
28/02/2020    709,77     16,48    505,52    0,00       0,00        0,00      0,00          0,00
29/02/2020    710,40     17,63    505,93    0,00       0,00        0,00      0,00          0,00
01/03/2020    710,90     18,58    511,17    0,00      93,71       93,71      0,00         82,13
02/03/2020    711,43     19,58    445,05    0,00       6,15        6,15      0,00          4,96
03/03/2020    711,79     20,26    372,52    0,00      72,52       72,52      0,00         64,71
04/03/2020    711,87     20,40    324,97    0,00     261,63      261,63      0,00        239,13
05/03/2020    711,98     20,61    286,84    0,00     196,01      196,01      0,00        178,08
06/03/2020    712,15     20,96    241,25    0,00      88,37       88,37      0,00         79,67
07/03/2020    712,35     21,33    220,68    0,00      55,74       55,74      0,00         50,50
08/03/2020    712,56     21,75    208,74    0,00      22,11       22,11      0,00         20,08
09/03/2020    712,34     21,32    162,76    0,00     355,47      355,47      0,00        330,04
10/03/2020    712,11     20,88    164,73    0,00     357,43      357,43      0,00        328,46
11/03/2020    712,05     20,76    156,90    0,00     203,78      203,78      0,00        185,54
12/03/2020    711,69     20,06    141,12    0,00     449,69      449,69      0,00        417,58
13/03/2020    711,32     19,36    142,89    0,00     451,22      451,22      0,00        415,75
14/03/2020    711,30     19,32    116,37    0,00     133,03      133,03      0,00        119,63
15/03/2020    711,35     19,41    125,44    0,00      83,78       83,78      0,00         74,96
16/03/2020    711,08     18,90    112,91    0,00     339,58      339,58      0,00        309,88
17/03/2020    711,10     18,94    107,98    0,00      88,82       88,82      0,00         79,21
18/03/2020    711,28     19,28    150,00    0,00       0,00        0,00      0,00          0,00
19/03/2020    711,41     19,53    134,92    0,00      25,75       25,75      0,00         22,63
20/03/2020    711,50     19,70    131,34    0,00      57,17       57,17      0,00         54,04
21/03/2020    711,64     19,97    120,83    0,00       0,00        0,00      0,00          0,00
22/03/2020    711,78     20,24    115,83    0,00       0,00        0,00      0,00          0,00
23/03/2020    711,87     20,40    118,18    0,00      45,68       45,68      0,00         43,00
24/03/2020    712,01     20,67    116,11    0,00       0,00        0,00      0,00          0,00
25/03/2020    712,14     20,93    116,32    0,00       0,00        0,00      0,00          0,00
26/03/2020    712,18     21,02    103,94    0,00      66,61       66,61      0,00         63,29
27/03/2020    712,29     21,23    101,51    0,00       8,63        8,63      0,00          7,54
28/03/2020    712,32     21,29     95,20    0,00      69,16       69,16      0,00         62,63
29/03/2020    712,34     21,32     92,85    0,00      76,36       76,36      0,00         69,67
30/03/2020    712,20     21,03     86,19    0,00     212,92      212,92      0,00        196,58
31/03/2020    712,03     20,72     85,48    0,00     224,37      224,37      0,00        205,33
01/04/2020    712,07     20,78     90,49    0,00      62,71       62,71      0,00         55,33
02/04/2020    711,85     20,37     85,41    0,00     266,07      266,07      0,00        244,08
03/04/2020    711,70     20,07     84,67    0,00     216,33      216,33      0,00        195,58
04/04/2020    711,64     19,97     76,88    0,00     121,04      121,04      0,00        109,96
05/04/2020    711,64     19,96     68,94    0,00      73,10       73,10      0,00         66,33
06/04/2020    711,55     19,81    101,89    0,00     171,05      171,05      0,00        153,92
07/04/2020    711,57     19,83     79,40    0,00      66,90       66,90      0,00         59,21
08/04/2020    711,62     19,93     83,42    0,00      40,92       40,92      0,00         35,79
09/04/2020    711,67     20,03     77,34    0,00      33,17       33,17      0,00         29,88
10/04/2020    711,73     20,13     76,52    0,00      32,36       32,36      0,00         29,04
11/04/2020    711,75     20,19     74,19    0,00      50,02       50,02      0,00         44,42
12/04/2020    711,84     20,35     71,67    0,00       0,00        0,00      0,00          0,00
13/04/2020    711,87     20,40     76,08    0,00      54,41       54,41      0,00         47,08
14/04/2020    711,92     20,49    123,24    0,00      81,57       81,57      0,00         74,58
15/04/2020    711,82     20,31     93,05    0,00     175,55      175,55      0,00        163,08
16/04/2020    711,79     20,26     82,32    0,00     103,98      103,98      0,00         94,50
17/04/2020    711,72     20,11     79,34    0,00     142,68      142,68      0,00        130,54
18/04/2020    711,68     20,04     81,11    0,00     111,95      111,95      0,00        100,21
19/04/2020    711,76     20,20     69,17    0,00       0,00        0,00      0,00          0,00
20/04/2020    711,69     20,06     70,53    0,00     132,20      132,20      0,00        119,25
21/04/2020    711,78     20,23     75,00    0,00       0,00        0,00      0,00          0,00
22/04/2020    711,59     19,87     72,23    0,00     233,06      233,06      0,00        213,25
23/04/2020    711,36     19,44     66,45    0,00     252,28      252,28      0,00        232,21
24/04/2020    711,06     18,87     58,00    0,00     309,67      309,67      0,00        286,50
25/04/2020    711,04     18,83     63,27    0,00      81,60       81,60      0,00         73,08
26/04/2020    711,06     18,87     58,56    0,00      41,06       41,06      0,00         36,50
27/04/2020    710,84     18,46     50,59    0,00     231,23      231,23      0,00        210,46
28/04/2020    710,56     17,94     69,31    0,00     296,94      296,94      0,00        274,25
29/04/2020    710,26     17,38     46,51    0,00     293,86      293,86      0,00        268,50
30/04/2020    709,96     16,82     51,53    0,00     297,98      297,98      0,00        271,17
01/05/2020    709,99     16,87     55,39    0,00      33,03       33,03      0,00         29,04
02/05/2020    709,95     16,80     60,95    0,00      92,09       92,09      0,00         81,75
03/05/2020    709,97     16,84     59,37    0,00      41,01       41,01      0,00         35,83
04/05/2020    709,79     16,52     42,53    0,00     185,48      185,48      0,00        168,17
05/05/2020    709,65     16,26     68,25    0,00     181,66      181,66      0,00        161,58
06/05/2020    709,42     15,84     33,53    0,00     218,80      218,80      0,00        198,58
07/05/2020    709,24     15,52     41,54    0,00     182,09      182,09      0,00        163,96
08/05/2020    709,07     15,21     44,35    0,00     182,51      182,51      0,00        165,42
09/05/2020    709,03     15,13     51,62    0,00      85,96       85,96      0,00         74,92
10/05/2020    709,09     15,24     49,51    0,00       0,00        0,00      0,00          0,00
11/05/2020    708,90     14,90     34,77    0,00     184,56      184,56      0,00        165,04
12/05/2020    708,82     14,75     63,60    0,00     128,93      128,93      0,00        113,79
13/05/2020    708,68     14,51     52,38    0,00     159,41      159,41      0,00        139,00
14/05/2020    708,55     14,28     65,55    0,00     167,07      167,07      0,00        145,79
15/05/2020    708,59     14,35     44,88    0,00      14,19       14,19      0,00         12,54
16/05/2020    708,66     14,48     57,45    0,00       0,00        0,00      0,00          0,00
17/05/2020    708,73     14,60     54,03    0,00       1,30        1,30      0,00          1,08
18/05/2020    708,80     14,71     51,21    0,00       0,84        0,84      0,00          0,71
19/05/2020    708,86     14,84     53,52    0,00       0,00        0,00      0,00          0,00
20/05/2020    708,80     14,72     55,24    0,00     106,40      106,40      0,00         91,25
21/05/2020    708,74     14,62     48,70    0,00      93,57       93,57      0,00         83,21
22/05/2020    708,94     14,97    172,33    0,00      61,67       37,59      0,00         36,83
23/05/2020    709,21     15,46    214,95    0,00       0,00        0,00      0,00          0,00
24/05/2020    709,44     15,87    178,89    0,00       0,00        0,00      0,00          0,00
25/05/2020    709,60     16,16    129,37    0,00       0,00        0,00      0,00          0,00
26/05/2020    709,74     16,42    115,00    0,00       0,00        0,00      0,00          0,00
27/05/2020    709,88     16,67    107,81    0,00       0,00        0,00      0,00          0,00
28/05/2020    710,00     16,89     95,83    0,00       0,00        0,00      0,00          0,00
29/05/2020    710,11     17,10     95,25    0,00       0,00        0,00      0,00          0,00
30/05/2020    710,22     17,30     88,75    0,00       0,00        0,00      0,00          0,00
31/05/2020    710,32     17,49     82,18    0,00       0,00        0,00      0,00          0,00
01/06/2020    710,43     17,69     86,28    0,00       0,00        0,00      0,00          0,00
02/06/2020    710,52     17,85     73,96    0,00       0,00        0,00      0,00          0,00
03/06/2020    710,60     18,02     71,94    0,00       0,45        0,45      0,00          0,38
04/06/2020    710,72     18,23     93,68    0,00       0,00        0,00      0,00          0,00
05/06/2020    710,84     18,45     96,97    0,00       0,00        0,00      0,00          0,00
06/06/2020    711,00     18,76    134,77    0,00       0,00        0,00      0,00          0,00
07/06/2020    711,20     19,13    163,32    0,00       0,00        0,00      0,00          0,00
08/06/2020    711,39     19,49    159,17    0,00       0,00        0,00      0,00          0,00
09/06/2020    711,72     20,12    279,17    0,00       0,00        0,00      0,00          0,00
10/06/2020    712,68     21,99    820,17    0,00       0,00        0,00      0,00          0,00
11/06/2020    714,01     24,67   1184,39    0,00       0,00        0,00      0,00          0,00
12/06/2020    715,55     27,87   1405,29    0,00       0,00        0,00      0,00          0,00
13/06/2020    716,87     30,67   1230,38    0,00       0,00        0,00      0,00          0,00
14/06/2020    717,97     33,04   1047,17    0,00       0,00        0,00      0,00          0,00
15/06/2020    718,99     35,26    975,67    0,00       0,00        0,00      0,00          0,00
16/06/2020    719,91     37,31    902,97    0,00       0,00        0,00      0,00          0,00
17/06/2020    720,72     39,10    787,01    0,00       0,00        0,00      0,00          0,00
18/06/2020    721,37     40,58    652,06    0,00       0,00        0,00      0,00          0,00
19/06/2020    721,91     41,81    543,75    0,00       0,00        0,00      0,00          0,00
20/06/2020    722,35     42,84    454,25    0,00       0,00        0,00      0,00          0,00
21/06/2020    722,72     43,71    379,07    0,00       0,00        0,00      0,00          0,00
22/06/2020    723,04     44,45    326,79    0,00       0,00        0,00      0,00          0,00
23/06/2020    723,34     45,17    319,45    0,00       0,00        0,00      0,00          0,00
24/06/2020    723,61     45,83    290,70    0,00       0,00        0,00      0,00          0,00
25/06/2020    723,87     46,45    271,53    0,00       0,00        0,00      0,00          0,00
26/06/2020    724,11     47,04    260,30    0,00       0,00        0,00      0,00          0,00
27/06/2020    724,37     47,71    292,48    0,00       0,00        0,00      0,00          0,00
28/06/2020    724,64     48,38    296,88    0,00       0,00        0,00      0,00          0,00
29/06/2020    724,87     48,94    293,81    0,00      46,41       46,41      0,00         47,42
30/06/2020    725,10     49,52    335,65    0,00      80,52       80,52      0,00         83,96
01/07/2020    725,36     50,20    414,66    0,00     115,21      115,21      0,00        121,58
02/07/2020    725,67     51,01    463,19    0,00     108,17      108,17      0,00        112,33
03/07/2020    725,79     51,32    423,84    0,00     287,73      287,73      0,00        304,29
04/07/2020    726,03     51,93    393,50    0,00     124,81      124,81      0,00        130,88
05/07/2020    726,37     52,84    402,13    0,00       0,00        0,00      0,00          0,00
06/07/2020    726,45     53,04    391,04    0,00     302,20      302,20      0,00        320,88
07/07/2020    726,47     53,09    401,33    0,00     377,95      377,95      0,00        401,33
08/07/2020    726,48     53,13    416,25    0,00     399,88      399,88      0,00        424,92
09/07/2020    726,50     53,16    407,51    0,00     393,49      393,49      0,00        417,25
10/07/2020    726,42     52,96    400,62    0,00     490,63      490,63      0,00        522,50
11/07/2020    726,51     53,21    392,34    0,00     282,46      282,46      0,00        299,67
12/07/2020    726,72     53,75    386,45    0,00     147,97      147,97      0,00        156,63
13/07/2020    726,50     53,19    335,56    0,00     583,39      583,39      0,00        622,29
14/07/2020    726,43     53,00    321,15    0,00     402,98      402,98      0,00        428,50
15/07/2020    726,32     52,70    297,45    0,00     430,72      430,72      0,00        456,75
16/07/2020    726,06     52,01    283,23    0,00     586,00      586,00      0,00        624,42
17/07/2020    725,98     51,81    290,00    0,00     380,59      380,59      0,00        402,33
18/07/2020    726,15     52,26    295,04    0,00      95,73       95,73      0,00        100,88
19/07/2020    726,37     52,82    303,72    0,00      54,73       54,73      0,00         56,67
20/07/2020    726,32     52,70    271,05    0,00     327,16      327,16      0,00        346,54
21/07/2020    726,02     51,90    240,06    0,00     588,41      588,41      0,00        627,67
22/07/2020    725,71     51,09    230,24    0,00     587,12      587,12      0,00        622,79
23/07/2020    725,43     50,38    221,75    0,00     537,07      537,07      0,00        571,92
24/07/2020    725,19     49,77    205,34    0,00     471,89      471,89      0,00        496,63
25/07/2020    724,98     49,22    192,94    0,00     438,28      438,28      0,00        463,13
26/07/2020    725,10     49,53    206,70    0,00      69,12       69,12      0,00         70,71
27/07/2020    724,78     48,72    177,96    0,00     532,15      532,15      0,00        561,13
28/07/2020    724,40     47,77    185,52    0,00     604,45      604,45      0,00        636,13
29/07/2020    724,00     46,79    176,84    0,00     611,16      611,16      0,00        640,71
30/07/2020    723,62     45,85    177,80    0,00     590,02      590,02      0,00        615,71
31/07/2020    723,22     44,90    175,82    0,00     595,35      595,35      0,00        618,79
01/08/2020    723,05     44,48    189,25    0,00     371,33      371,33      0,00        382,71
02/08/2020    722,92     44,17    193,79    0,00     331,57      331,57      0,00        339,75
03/08/2020    722,60     43,43    194,27    0,00     520,81      520,81      0,00        537,13
04/08/2020    722,35     42,84    191,18    0,00     452,82      452,82      0,00        464,00
05/08/2020    722,16     42,39    189,74    0,00     385,46      385,46      0,00        393,42
06/08/2020    721,95     41,90    178,45    0,00     396,61      396,61      0,00        405,13
07/08/2020    721,71     41,34    182,93    0,00     425,60      425,60      0,00        432,42
08/08/2020    721,64     41,19    152,98    0,00     219,44      219,44      0,00        223,17
09/08/2020    721,78     41,51    149,39    0,00       9,42        9,42      0,00          9,25
10/08/2020    721,57     41,04    145,57    0,00     355,02      355,02      0,00        362,29
11/08/2020    721,14     40,06    138,17    0,00     568,14      568,14      0,00        579,58
12/08/2020    720,72     39,11    175,42    0,00     594,00      594,00      0,00        603,88
13/08/2020    720,45     38,50    252,32    0,00     519,07      519,07      0,00        525,96
14/08/2020    720,24     38,04    318,94    0,00     519,98      519,98      0,00        522,50
15/08/2020    720,39     38,37    466,68    0,00     321,54      321,54      0,00        320,58
16/08/2020    720,67     38,99    681,48    0,00     408,86      408,86      0,00        411,71
17/08/2020    720,75     39,18    681,76    0,00     598,40      598,40      0,00        601,83
18/08/2020    721,01     39,75    835,39    0,00     586,12      586,12      0,00        592,58
19/08/2020    721,52     40,92   1222,32    0,00     704,75      704,75      0,00        716,25
20/08/2020    722,17     42,41   1280,07    0,00     624,68      624,68      0,00        640,08
21/08/2020    722,70     43,67   1173,44    0,00     621,31      621,31      0,00        639,71
22/08/2020    723,51     45,59   1109,91    0,00     263,01      263,01      0,00        271,63
23/08/2020    724,49     48,01   1082,90    0,00      18,00       18,00      0,00         18,08
24/08/2020    725,23     49,87   1039,15    0,00     218,54      218,54      0,00        227,17
25/08/2020    725,67     51,01    999,68    0,00     498,34      498,34      0,00        529,54
26/08/2020    726,10     52,11    939,60    0,00     454,11      454,11      0,00        482,92
27/08/2020    726,38     52,86    890,69    0,00     563,37      563,37      0,00        600,54
28/08/2020    726,66     53,60    843,05    0,00     514,56      514,56      0,00        551,54
29/08/2020    726,96     54,40    797,65    0,00     446,95      446,95      0,00        479,67
30/08/2020    727,45     55,71    784,26    0,00     206,25      206,25      0,00        221,29
31/08/2020    727,52     55,89    699,47    0,00     620,37      620,37      0,00        671,04
01/09/2020    727,52     55,90    635,57    0,00     632,03      632,03      0,00        683,71
02/09/2020    727,44     55,68    546,81    0,00     643,62      643,62      0,00        699,92
03/09/2020    727,15     54,89    429,42    0,00     774,14      774,14      0,00        835,21
04/09/2020    726,67     53,62    352,20    0,00     912,66      912,66      0,00        982,00
05/09/2020    726,36     52,80    298,60    0,00     659,81      659,81      0,00        705,08
06/09/2020    726,17     52,31    294,66    0,00     509,75      509,75      0,00        542,38
07/09/2020    725,74     51,17    257,70    0,00     761,72      761,72      0,00        809,58
08/09/2020    725,38     50,25    255,46    0,00     661,53      661,53      0,00        702,25
09/09/2020    724,61     48,31    211,43    0,00    1064,60     1064,60      0,00       1124,42
10/09/2020    723,77     46,22    211,20    0,00    1131,23     1131,23      0,00       1181,42
11/09/2020    722,76     43,79    207,23    0,00    1277,45     1277,45      0,00       1314,08
12/09/2020    721,89     41,76    216,84    0,00    1111,41     1111,41      0,00       1130,17
13/09/2020    721,59     41,08    199,68    0,00     499,75      499,75      0,00        500,96
14/09/2020    721,03     39,79    198,85    0,00     764,75      764,75      0,00        778,25
15/09/2020    720,40     38,39    195,50    0,00     814,01      814,01      0,00        823,71
16/09/2020    719,82     37,12    166,94    0,00     726,94      726,94      0,00        730,58
17/09/2020    719,26     35,86    196,03    0,00     747,10      747,10      0,00        744,25
18/09/2020    718,70     34,64    177,33    0,00     714,30      714,30      0,00        714,46
19/09/2020    718,18     33,50    168,14    0,00     673,44      673,44      0,00        670,17
20/09/2020    718,02     33,16    163,81    0,00     311,75      311,75      0,00        309,96
21/09/2020    717,53     32,09    157,03    0,00     629,94      629,94      0,00        625,88
22/09/2020    717,10     31,17    141,63    0,00     544,98      544,98      0,00        543,50
23/09/2020    716,63     30,17    144,67    0,00     584,59      584,59      0,00        580,83
24/09/2020    716,13     29,11    126,59    0,00     595,34      595,34      0,00        587,00
25/09/2020    715,63     28,04    138,41    0,00     607,54      607,54      0,00        596,04
26/09/2020    715,10     26,92    108,97    0,00     602,49      602,49      0,00        587,92
27/09/2020    714,88     26,47    131,49    0,00     331,92      331,92      0,00        322,21
28/09/2020    714,29     25,24    158,27    0,00     696,83      696,83      0,00        678,58
29/09/2020    713,75     24,14    150,60    0,00     636,74      636,74      0,00        618,96
30/09/2020    713,19     23,01    143,99    0,00     641,28      641,28      0,00        626,63
01/10/2020    712,60     21,83    133,00    0,00     651,34      651,34      0,00        641,63
02/10/2020    711,89     20,44    152,92    0,00     764,59      764,59      0,00        733,83
03/10/2020    711,29     19,31    184,92    0,00     685,75      685,75      0,00        653,25
04/10/2020    711,15     19,05    200,28    0,00     313,61      313,61      0,00        295,58
05/10/2020    710,62     18,06    185,48    0,00     622,80      622,80      0,00        588,54
06/10/2020    710,00     16,89    151,08    0,00     665,46      665,46      0,00        623,83
07/10/2020    709,40     15,81    158,64    0,00     632,22      632,22      0,00        589,21
08/10/2020    709,01     15,10    200,57    0,00     512,82      512,82      0,00        478,58
09/10/2020    708,61     14,37    202,70    0,00     524,76      524,76      0,00        488,58
10/10/2020    708,52     14,23    223,96    0,00     287,72      287,72      0,00        266,63
11/10/2020    708,62     14,39    206,86    0,00     135,24      135,24      0,00        126,13
12/10/2020    708,64     14,44    222,71    0,00     199,10      199,10      0,00        185,38
13/10/2020    708,14     13,54    209,95    0,00     608,19      608,19      0,00        561,79
14/10/2020    707,41     12,26    220,96    0,00     785,56      785,56      0,00        722,75
15/10/2020    706,85     11,27    228,84    0,00     663,69      663,69      0,00        606,04
16/10/2020    706,37     10,44    197,77    0,00     562,14      562,14      0,00        511,21
17/10/2020    706,41     10,50    209,42    0,00     183,45      183,45      0,00        165,96
18/10/2020    706,52     10,70    181,07    0,00      94,75       94,75      0,00         86,25
19/10/2020    705,98      9,76    145,22    0,00     559,75      559,75      0,00        506,50
20/10/2020    705,66      9,21    159,97    0,00     399,96      399,96      0,00        359,21
21/10/2020    704,98      8,05    121,37    0,00     634,17      634,17      0,00        564,79
22/10/2020    704,35      6,99    110,88    0,00     574,58      574,58      0,00        511,21
23/10/2020    703,69      5,90    107,90    0,00     590,28      590,28      0,00        521,29
24/10/2020    703,62      5,77    117,48    0,00     174,35      174,35      0,00        151,46
25/10/2020    703,72      5,93    121,61    0,00      49,42       49,42      0,00         44,17
26/10/2020    703,34      5,31     91,48    0,00     364,92      364,92      0,00        321,33
27/10/2020    702,91      4,60    104,18    0,00     418,46      418,46      0,00        366,50
28/10/2020    702,50      3,95     79,57    0,00     366,92      366,92      0,00        320,33
29/10/2020    702,15      3,39     97,86    0,00     343,56      343,56      0,00        299,42
30/10/2020    701,98      3,11    116,32    0,00     236,82      236,82      0,00        205,33
31/10/2020    702,12      3,34    117,88    0,00      19,98       19,98      0,00         17,00
01/11/2020    702,28      3,60    114,38    0,00       0,00        0,00      0,00          0,00
02/11/2020    702,44      3,85    113,67    0,00       0,00        0,00      0,00          0,00
03/11/2020    702,45      3,87    116,27    0,00     108,50      108,50      0,00         93,08
04/11/2020    702,47      3,89    110,56    0,00     100,68      100,68      0,00         85,58
05/11/2020    702,49      3,93    128,38    0,00     114,96      114,96      0,00        100,13
06/11/2020    702,54      4,01    145,76    0,00     110,45      110,45      0,00         94,38
07/11/2020    702,67      4,22    112,74    0,00      17,42       17,42      0,00         15,00
08/11/2020    702,85      4,51    127,79    0,00       0,00        0,00      0,00          0,00
09/11/2020    702,66      4,20    103,76    0,00     242,14      242,14      0,00        211,33
10/11/2020    702,47      3,90    113,34    0,00     244,66      244,66      0,00        213,92
11/11/2020    702,35      3,70    123,20    0,00     209,34      209,34      0,00        183,38
12/11/2020    702,10      3,31    121,18    0,00     294,86      294,86      0,00        256,58
13/11/2020    701,83      2,88    143,41    0,00     332,09      332,09      0,00        287,75
14/11/2020    702,03      3,20    148,60    0,00       7,93        7,93      0,00          6,33
15/11/2020    702,31      3,65    196,27    0,00       0,00        0,00      0,00          0,00
16/11/2020    702,19      3,45    234,56    0,00     322,82      322,82      0,00        281,42
17/11/2020    702,08      3,27    233,96    0,00     310,21      310,21      0,00        268,08
18/11/2020    702,30      3,63    247,42    0,00      90,68       90,68      0,00         77,88
19/11/2020    702,47      3,89    233,66    0,00     117,17      117,17      0,00        101,29
20/11/2020    702,65      4,20    241,10    0,00     107,66      107,66      0,00         93,46
21/11/2020    702,97      4,70    223,10    0,00       0,00        0,00      0,00          0,00
22/11/2020    703,29      5,22    229,02    0,00       0,00        0,00      0,00          0,00
23/11/2020    703,61      5,75    234,06    0,00       0,00        0,00      0,00          0,00
24/11/2020    703,49      5,56    211,88    0,00     299,38      299,38      0,00        263,50
25/11/2020    702,83      4,47    203,60    0,00     679,43      679,43      0,00        598,04
26/11/2020    702,15      3,39    184,69    0,00     663,36      663,36      0,00        578,33
27/11/2020    701,62      2,55    208,00    0,00     496,76      496,76      0,00        497,46
28/11/2020    701,96      3,08    231,25    0,00       0,00        0,00      0,00          0,00
29/11/2020    702,39      3,78    308,02    0,00       0,00        0,00      0,00          0,00
30/11/2020    702,05      3,22    351,31    0,00     594,88      594,88      0,00        516,83
01/12/2020    701,82      2,86    318,23    0,00     479,21      479,21      0,00        414,33
02/12/2020    701,72      2,70    341,51    0,00     410,26      410,26      0,00        355,00
03/12/2020    701,88      2,96    538,33    0,00     424,44      424,44      0,00        364,96
04/12/2020    702,32      3,66    529,44    0,00     222,99      222,99      0,00        193,63
05/12/2020    703,54      5,65    876,71    0,00       0,00        0,00      0,00          0,00
06/12/2020    705,07      8,21   1128,11    0,00       0,00        0,00      0,00          0,00
07/12/2020    706,18     10,10   1025,46    0,00     190,58      190,58      0,00        170,83
08/12/2020    707,21     11,89    998,98    0,00     210,55      210,55      0,00        190,54
09/12/2020    707,91     13,13    943,28    0,00     398,13      398,13      0,00        366,54
10/12/2020    708,57     14,31    940,95    0,00     424,12      424,12      0,00        392,21
11/12/2020    709,20     15,44    912,02    0,00     413,10      413,10      0,00        386,42
12/12/2020    710,26     17,39    868,17    0,00      10,71       10,71      0,00          9,88
13/12/2020    711,28     19,29    836,49    0,00       0,00        0,00      0,00          0,00
14/12/2020    711,82     20,32    805,83    0,00     351,66      351,66      0,00        342,42
15/12/2020    712,22     21,09    718,93    0,00     379,56      379,56      0,00        371,54
16/12/2020    712,60     21,84    735,67    0,00     406,67      406,67      0,00        394,17
17/12/2020    712,91     22,44    701,72    0,00     436,97      436,97      0,00        423,17
18/12/2020    712,94     22,50    663,60    0,00     634,08      634,08      0,00        620,58
19/12/2020    712,98     22,57    694,04    0,00     662,79      662,79      0,00        649,04
20/12/2020    713,86     24,35    847,41    0,00      63,71       63,71      0,00         61,38
21/12/2020    714,50     25,69   1084,10    0,00     497,67      497,67      0,00        489,00
22/12/2020    715,06     26,85   1008,84    0,00     497,95      497,95      0,00        487,83
23/12/2020    715,35     27,45    882,17    0,00     617,35      617,35      0,00        608,54
24/12/2020    716,05     28,93    805,26    0,00     153,78      153,78      0,00        152,33
25/12/2020    716,70     30,31    717,03    0,00     108,60      108,60      0,00        105,88
26/12/2020    716,88     30,69    618,89    0,00     450,14      450,14      0,00        450,38
27/12/2020    717,18     31,34    565,80    0,00     279,65      279,65      0,00        278,88
28/12/2020    717,12     31,20    506,81    0,00     568,49      568,49      0,00        567,83
29/12/2020    717,13     31,23    475,53    0,00     463,19      463,19      0,00        461,33
30/12/2020    717,07     31,10    502,54    0,00     558,54      558,54      0,00        560,25
31/12/2020    717,48     31,98    508,39    0,00     120,22      120,22      0,00        118,71
01/01/2021    718,07     33,26    560,74    0,00       0,00        0,00      0,00          0,00
02/01/2021    718,27     33,70    483,40    0,00     289,34      289,34      0,00        290,71
03/01/2021    718,43     34,05    478,99    0,00     323,36      323,36      0,00        327,33
04/01/2021    718,37     33,91    447,43    0,00     508,91      508,91      0,00        512,50
05/01/2021    718,53     34,26    475,62    0,00     323,84      323,84      0,00        326,00
06/01/2021    718,60     34,41    519,18    0,00     450,01      450,01      0,00        461,42
07/01/2021    718,47     34,13    495,48    0,00     619,41      619,41      0,00        632,21
08/01/2021    718,29     33,75    478,98    0,00     648,06      648,06      0,00        657,25
09/01/2021    717,94     32,98    462,64    0,00     801,06      801,06      0,00        808,50
10/01/2021    717,79     32,66    491,05    0,00     629,62      629,62      0,00        636,04
11/01/2021    717,41     31,84    443,16    0,00     806,65      806,65      0,00        810,08
12/01/2021    717,10     31,16    466,13    0,00     764,14      764,14      0,00        766,13
13/01/2021    716,91     30,76    492,54    0,00     671,79      671,79      0,00        670,04
14/01/2021    716,79     30,51    449,33    0,00     559,01      559,01      0,00        557,21
15/01/2021    716,67     30,24    404,85    0,00     520,17      520,17      0,00        518,25
16/01/2021    716,65     30,21    395,31    0,00     411,25      411,25      0,00        410,29
17/01/2021    716,77     30,46    382,49    0,00     271,87      271,87      0,00        272,50
18/01/2021    716,56     30,03    398,06    0,00     589,31      589,31      0,00        591,04
19/01/2021    716,51     29,91    482,82    0,00     535,32      535,32      0,00        533,75
20/01/2021    716,80     30,53    814,93    0,00     541,18      541,18      0,00        539,21
21/01/2021    718,05     33,21   1445,67    0,00     262,98      262,98      0,00        263,13
22/01/2021    719,28     35,91   1562,46    0,00     373,85      373,85      0,00        382,08
23/01/2021    720,37     38,33   1599,62    0,00     534,51      534,51      0,00        548,50
24/01/2021    721,79     41,55   1617,76    0,00     201,40      201,40      0,00        206,79
25/01/2021    723,02     44,40   1797,97    0,00     543,41      543,41      0,00        565,58
26/01/2021    724,34     47,62   1939,02    0,00     518,50      518,50      0,00        546,50
27/01/2021    725,53     50,64   1901,65    0,00     573,70      573,70      0,00        609,79
28/01/2021    726,62     53,49   1854,85    0,00     598,15      598,15      0,00        646,79
29/01/2021    727,74     56,47   1874,43    0,00     561,34      561,34      0,00        608,42
30/01/2021    729,13     60,26   2158,59    0,00     491,69      491,69      0,00        538,17
31/01/2021    730,90     65,11   2146,46    0,00       9,25        9,25      0,00          9,38
01/02/2021    732,06     68,37   2115,70    0,00     682,42      682,42      0,00        768,44
02/02/2021    732,90     70,75   1975,26    0,00     925,26      925,26      0,00       1045,52
03/02/2021    733,55     72,64   1773,91    0,00     942,31      942,31      0,00       1068,08
04/02/2021    734,23     74,61   1727,17    0,00     861,11      861,11      0,00        984,00
05/02/2021    734,76     76,20   1594,13    0,00     893,11      893,11      0,00       1018,13
06/02/2021    735,17     77,42   1433,22    0,00     896,29      896,29      0,00       1033,83
07/02/2021    735,96     79,83   1290,86    0,00     228,87      228,87      0,00        259,63
08/02/2021    736,23     80,67   1136,59    0,00     766,04      766,04      0,00        887,58
09/02/2021    736,39     81,18   1007,49    0,00     782,98      782,98      0,00        909,75
10/02/2021    736,49     81,49    860,50    0,00     725,53      725,53      0,00        840,21
11/02/2021    736,48     81,45    763,48    0,00     778,63      778,63      0,00        897,71
12/02/2021    736,33     80,97    654,05    0,00     866,15      866,15      0,00       1000,33
13/02/2021    736,55     81,66    558,86    0,00     254,48      254,48      0,00        293,67
14/02/2021    736,75     82,30    542,60    0,00     260,25      260,25      0,00        302,08
15/02/2021    736,64     81,96    478,68    0,00     631,56      631,56      0,00        731,04
16/02/2021    736,40     81,19    454,84    0,00     790,90      790,90      0,00        919,38
17/02/2021    736,13     80,34    436,06    0,00     813,44      813,44      0,00        944,75
18/02/2021    735,75     79,17    403,51    0,00     916,69      916,69      0,00       1068,46
19/02/2021    735,49     78,38    400,84    0,00     747,23      747,23      0,00        864,79
20/02/2021    735,36     78,00    388,61    0,00     557,77      557,77      0,00        641,92
21/02/2021    735,42     78,19    365,62    0,00     282,38      282,38      0,00        321,38
22/02/2021    735,24     77,64    334,07    0,00     575,74      575,74      0,00        661,21
23/02/2021    735,05     77,04    285,83    0,00     551,67      551,67      0,00        636,04
24/02/2021    734,87     76,52    277,62    0,00     504,17      504,17      0,00        580,96
25/02/2021    734,70     75,99    290,06    0,00     524,17      524,17      0,00        604,42
26/02/2021    734,52     75,46    276,86    0,00     510,96      510,96      0,00        591,88
27/02/2021    734,47     75,33    273,30    0,00     328,23      328,23      0,00        374,92
28/02/2021    734,61     75,72    255,86    0,00      84,54       84,54      0,00         94,92
01/03/2021    734,48     75,34    297,57    0,00     466,29      466,29      0,00        538,29
02/03/2021    734,34     74,94    287,57    0,00     464,13      464,13      0,00        536,17
03/03/2021    734,26     74,70    361,39    0,00     468,63      468,63      0,00        543,13
04/03/2021    734,25     74,66    500,98    0,00     517,98      517,98      0,00        597,96
05/03/2021    734,43     75,21    646,15    0,00     404,19      404,19      0,00        469,04
06/03/2021    734,67     75,91    724,40    0,00     413,13      413,13      0,00        477,54
07/03/2021    735,18     77,43    750,79    0,00      81,59       81,59      0,00         91,25
08/03/2021    735,35     77,97    757,31    0,00     519,67      519,67      0,00        604,50
09/03/2021    735,56     78,60    755,28    0,00     477,37      477,37      0,00        555,17
10/03/2021    735,74     79,16    745,15    0,00     502,14      502,14      0,00        586,71
11/03/2021    735,90     79,63    708,74    0,00     499,29      499,29      0,00        582,46
12/03/2021    736,02     80,01    665,50    0,00     496,91      496,91      0,00        582,13
13/03/2021    736,27     80,81    629,12    0,00     280,66      280,66      0,00        326,13
14/03/2021    736,62     81,87    599,58    0,00     131,29      131,29      0,00        153,33
15/03/2021    736,68     82,08    576,19    0,00     485,28      485,28      0,00        572,67
16/03/2021    736,74     82,26    577,69    0,00     495,05      495,05      0,00        584,00
17/03/2021    736,78     82,38    558,92    0,00     509,34      509,34      0,00        600,38
18/03/2021    736,77     82,35    519,40    0,00     531,80      531,80      0,00        626,67
19/03/2021    736,71     82,16    460,20    0,00     544,22      544,22      0,00        640,00
20/03/2021    736,85     82,62    398,89    0,00     196,42      196,42      0,00        227,67
21/03/2021    737,02     83,15    371,13    0,00     136,15      136,15      0,00        157,13
22/03/2021    736,74     82,24    353,00    0,00     751,88      751,88      0,00        882,38
23/03/2021    736,41     81,22    348,06    0,00     799,82      799,82      0,00        936,08
24/03/2021    736,10     80,25    361,38    0,00     786,98      786,98      0,00        919,83
25/03/2021    735,82     79,39    365,52    0,00     744,85      744,85      0,00        866,54
26/03/2021    735,46     78,31    386,56    0,00     861,84      861,84      0,00        996,17
27/03/2021    735,14     77,34    395,00    0,00     824,62      824,62      0,00        950,83
28/03/2021    735,26     77,68    425,39    0,00     272,33      272,33      0,00        310,75
29/03/2021    735,17     77,42    419,88    0,00     535,35      535,35      0,00        617,58
30/03/2021    735,07     77,10    418,11    0,00     559,08      559,08      0,00        644,71
31/03/2021    735,02     76,95    385,81    0,00     451,60      451,60      0,00        518,75
01/04/2021    734,96     76,78    386,61    0,00     463,10      463,10      0,00        532,58
02/04/2021    735,07     77,10    405,81    0,00     266,23      266,23      0,00        306,42
03/04/2021    735,22     77,56    386,28    0,00     183,55      183,55      0,00        211,17
04/04/2021    735,43     78,20    354,12    0,00      68,14       68,14      0,00         78,04
05/04/2021    735,40     78,12    320,94    0,00     358,53      358,53      0,00        412,46
06/04/2021    735,27     77,73    303,78    0,00     475,63      475,63      0,00        550,29
07/04/2021    735,17     77,41    246,82    0,00     387,79      387,79      0,00        449,88
08/04/2021    735,10     77,21    242,34    0,00     330,95      330,95      0,00        382,21
09/04/2021    734,99     76,86    234,33    0,00     385,66      385,66      0,00        447,38
10/04/2021    735,08     77,15    210,19    0,00      85,71       85,71      0,00         97,79
11/04/2021    735,18     77,46    212,05    0,00      75,10       75,10      0,00         85,38
12/04/2021    735,00     76,89    205,83    0,00     458,10      458,10      0,00        531,04
13/04/2021    734,77     76,21    192,61    0,00     490,81      490,81      0,00        568,50
14/04/2021    734,62     75,77    183,56    0,00     375,81      375,81      0,00        433,21
15/04/2021    734,47     75,33    176,35    0,00     368,61      368,61      0,00        423,21
16/04/2021    734,36     75,00    182,36    0,00     328,84      328,84      0,00        378,00
17/04/2021    734,31     74,86    157,47    0,00     220,25      220,25      0,00        251,04
18/04/2021    734,37     75,03    154,12    0,00      79,57       79,57      0,00         89,83
19/04/2021    734,18     74,46    166,51    0,00     415,01      415,01      0,00        472,29
20/04/2021    733,92     73,70    156,85    0,00     492,88      492,88      0,00        560,46
21/04/2021    733,96     73,82    148,62    0,00      95,15       95,15      0,00        108,21
22/04/2021    733,83     73,43    147,66    0,00     320,80      320,80      0,00        362,96
23/04/2021    733,94     73,74    153,79    0,00      15,01       15,01      0,00         16,63
24/04/2021    734,03     74,03    139,87    0,00      15,20       15,20      0,00         16,17
25/04/2021    734,11     74,25    138,76    0,00      39,36       39,36      0,00         43,79
26/04/2021    733,94     73,75    132,54    0,00     352,79      352,79      0,00        399,92
27/04/2021    733,77     73,28    131,47    0,00     341,54      341,54      0,00        387,33
28/04/2021    733,69     73,03    128,17    0,00     235,11      235,11      0,00        263,38
29/04/2021    733,61     72,80    134,82    0,00     239,22      239,22      0,00        271,79
30/04/2021    733,62     72,83    123,03    0,00     106,48      106,48      0,00        120,33
01/05/2021    733,68     73,00    114,80    0,00      39,68       39,68      0,00         43,29
02/05/2021    733,75     73,19    112,35    0,00      29,59       29,59      0,00         33,33
03/05/2021    733,68     73,01    114,00    0,00     195,48      195,48      0,00        220,88
04/05/2021    733,59     72,75    111,11    0,00     223,15      223,15      0,00        253,92
05/05/2021    733,57     72,69    100,09    0,00     128,10      128,10      0,00        144,38
06/05/2021    733,65     72,91    123,46    0,00      25,43       25,43      0,00         28,92
07/05/2021    733,69     73,03    116,11    0,00      65,18       65,18      0,00         73,29
08/05/2021    733,74     73,18    105,71    0,00      39,50       39,50      0,00         44,17
09/05/2021    733,82     73,41    110,31    0,00       8,46        8,46      0,00          9,04
10/05/2021    733,84     73,46    112,25    0,00      88,06       88,06      0,00         98,38
11/05/2021    733,86     73,53    122,49    0,00      94,49       94,49      0,00        105,29
12/05/2021    733,89     73,61    140,30    0,00     103,37      103,37      0,00        116,13
13/05/2021    733,99     73,90    142,96    0,00      14,38       14,38      0,00         15,29
14/05/2021    734,08     74,16    140,36    0,00      29,47       29,47      0,00         33,08
15/05/2021    734,13     74,30    152,01    0,00      86,62       86,62      0,00         97,67
16/05/2021    734,20     74,51    152,01    0,00      61,77       61,77      0,00         68,50
17/05/2021    734,24     74,65    180,53    0,00     119,06      119,06      0,00        134,13
18/05/2021    734,26     74,70    196,64    0,00     173,10      173,10      0,00        197,13
19/05/2021    734,21     74,55    192,87    0,00     259,57      259,57      0,00        295,00
20/05/2021    734,14     74,35    190,22    0,00     279,15      279,15      0,00        317,00
21/05/2021    733,95     73,79    168,01    0,00     413,56      413,56      0,00        470,79
22/05/2021    734,10     74,22    207,33    0,00      19,32       19,32      0,00         20,75
23/05/2021    734,20     74,52    166,70    0,00      33,30       33,30      0,00         37,00
24/05/2021    734,27     74,72    156,80    0,00      67,86       67,86      0,00         76,54
25/05/2021    734,38     75,06    162,87    0,00      16,39       16,39      0,00         18,04
26/05/2021    734,42     75,18    169,79    0,00     116,16      116,16      0,00        130,25
27/05/2021    734,42     75,18    180,68    0,00     179,37      179,37      0,00        203,46
28/05/2021    734,23     74,62    179,85    0,00     425,73      425,73      0,00        483,21
29/05/2021    734,34     74,94    194,95    0,00      55,01       55,01      0,00         63,50
30/05/2021    734,44     75,24    163,62    0,00      31,53       31,53      0,00         34,92
31/05/2021    734,30     74,83    145,63    0,00     324,81      324,81      0,00        368,75
01/06/2021    734,11     74,26    145,02    0,00     409,78      409,78      0,00        449,83
02/06/2021    734,07     74,12    128,21    0,00     188,37      188,37      0,00        215,63
03/06/2021    734,13     74,31    137,47    0,00      55,08       55,08      0,00         62,04
04/06/2021    734,11     74,25    134,63    0,00     159,48      159,48      0,00        178,92
05/06/2021    734,14     74,34    131,91    0,00      95,29       95,29      0,00        106,92
06/06/2021    734,19     74,49    138,88    0,00      70,87       70,87      0,00         79,83
07/06/2021    734,08     74,16    129,72    0,00     273,58      273,58      0,00        312,71
08/06/2021    733,82     73,39    127,57    0,00     467,74      467,74      0,00        536,71
09/06/2021    733,68     73,00    140,53    0,00     311,13      311,13      0,00        350,08
10/06/2021    733,53     72,57    168,66    0,00     362,18      362,18      0,00        408,50
11/06/2021    733,23     71,70    180,83    0,00     561,50      561,50      0,00        641,54
12/06/2021    733,17     71,53    166,26    0,00     240,11      240,11      0,00        268,63
13/06/2021    733,28     71,84    168,17    0,00      34,49       34,49      0,00         38,25
14/06/2021    733,31     71,92    155,61    0,00     118,69      118,69      0,00        132,29
15/06/2021    733,21     71,65    160,98    0,00     279,38      279,38      0,00        314,42
16/06/2021    733,02     71,10    151,17    0,00     395,62      395,62      0,00        449,83
17/06/2021    732,82     70,52    146,04    0,00     401,52      401,52      0,00        453,58
