     1     1  2017       25.927877
     2     1  2017       22.031483
     3     1  2017       15.877708
     4     1  2017       14.465581
     5     1  2017       19.122334
     6     1  2017       26.846897
     7     1  2017       27.239500
     8     1  2017       22.396837
     9     1  2017       17.185684
    10     1  2017       32.412842
    11     1  2017       25.721241
    12     1  2017       18.132839
    13     1  2017       15.009249
    14     1  2017       13.513014
    15     1  2017       12.590878
    16     1  2017       11.982107
    17     1  2017       14.990849
    18     1  2017       13.770082
    19     1  2017       12.470526
    20     1  2017       11.757709
    21     1  2017       11.309546
    22     1  2017       13.047824
    23     1  2017       11.892018
    24     1  2017       23.550625
    25     1  2017       24.381676
    26     1  2017       18.088190
    27     1  2017       15.091646
    28     1  2017       15.072710
    29     1  2017       12.884860
    30     1  2017       11.595929
    31     1  2017       12.889795
     1     2  2017       17.633186
     2     2  2017       17.293951
     3     2  2017       15.300129
     4     2  2017       15.142765
     5     2  2017       14.355849
     6     2  2017       14.907711
     7     2  2017       13.731068
     8     2  2017       11.961539
     9     2  2017       11.512705
    10     2  2017       10.957420
    11     2  2017       11.060015
    12     2  2017       18.929983
    13     2  2017       20.509434
    14     2  2017       19.228146
    15     2  2017       18.656303
    16     2  2017       22.196661
    17     2  2017       16.538647
    18     2  2017       14.001579
    19     2  2017       12.739420
    20     2  2017       11.292135
    21     2  2017       10.531536
    22     2  2017       10.049626
    23     2  2017       10.138970
    24     2  2017        9.819752
    25     2  2017       10.534638
    26     2  2017       10.603810
    27     2  2017       15.728714
    28     2  2017       12.828156
     1     3  2017       12.647104
     2     3  2017       15.621250
     3     3  2017       14.197375
     4     3  2017       11.642197
     5     3  2017       13.836840
     6     3  2017       15.089024
     7     3  2017       12.840256
     8     3  2017       10.886257
     9     3  2017        9.970953
    10     3  2017        9.420484
    11     3  2017       10.027882
    12     3  2017       10.142114
    13     3  2017       12.018592
    14     3  2017       11.625420
    15     3  2017       10.040655
    16     3  2017       10.815772
    17     3  2017       15.340279
    18     3  2017       14.495317
    19     3  2017       11.333000
    20     3  2017       10.071935
    21     3  2017        9.325825
    22     3  2017        8.837794
    23     3  2017        8.524750
    24     3  2017        8.386754
    25     3  2017        8.228022
    26     3  2017        8.076891
    27     3  2017       10.765145
    28     3  2017       10.926695
    29     3  2017        9.377948
    30     3  2017        8.692317
    31     3  2017        8.287303
     1     4  2017        8.029048
     2     4  2017        7.854975
     3     4  2017        7.730933
     4     4  2017        7.781383
     5     4  2017        8.944326
     6     4  2017       11.966196
     7     4  2017       12.559669
     8     4  2017       10.615060
     9     4  2017        9.128886
    10     4  2017        8.408996
    11     4  2017        7.976076
    12     4  2017        7.707958
    13     4  2017        7.507226
    14     4  2017        7.352437
    15     4  2017        7.243316
    16     4  2017       12.972563
    17     4  2017       12.981556
    18     4  2017        9.722407
    19     4  2017        8.578227
    20     4  2017        8.310595
    21     4  2017       10.412343
    22     4  2017       11.693555
    23     4  2017       10.188552
    24     4  2017        8.636564
    25     4  2017        7.886510
    26     4  2017       16.937624
    27     4  2017       16.807726
    28     4  2017       11.376071
    29     4  2017        9.477409
    30     4  2017        8.405666
     1     5  2017        7.754550
     2     5  2017        7.343430
     3     5  2017        7.710742
     4     5  2017       11.591708
     5     5  2017       11.207365
     6     5  2017        9.467690
     7     5  2017        8.613489
     8     5  2017        7.721199
     9     5  2017        7.306300
    10     5  2017        7.687014
    11     5  2017        7.513556
    12     5  2017        7.008217
    13     5  2017        7.761614
    14     5  2017       10.975653
    15     5  2017       10.487687
    16     5  2017        8.394213
    17     5  2017        7.531594
    18     5  2017       13.532729
    19     5  2017       36.771694
    20     5  2017       36.287636
    21     5  2017       24.132339
    22     5  2017       18.257126
    23     5  2017       14.441407
    24     5  2017       12.143326
    25     5  2017       10.641531
    26     5  2017       11.515722
    27     5  2017       11.955421
    28     5  2017       12.081573
    29     5  2017       10.451467
    30     5  2017        9.038488
    31     5  2017       19.475294
     1     6  2017       20.548187
     2     6  2017       15.800833
     3     6  2017       11.875919
     4     6  2017       24.173357
     5     6  2017       39.548134
     6     6  2017       60.343548
     7     6  2017       56.464153
     8     6  2017       53.055550
     9     6  2017       41.441757
    10     6  2017       30.481464
    11     6  2017       23.725105
    12     6  2017       19.821352
    13     6  2017       17.223583
    14     6  2017       15.399288
    15     6  2017       14.059872
    16     6  2017       13.037136
    17     6  2017       12.228808
    18     6  2017       11.570683
    19     6  2017       13.404566
    20     6  2017       12.109954
    21     6  2017       10.806380
    22     6  2017       10.186255
    23     6  2017        9.742901
    24     6  2017        9.386126
    25     6  2017        9.084698
    26     6  2017        8.822819
    27     6  2017        8.591095
    28     6  2017        8.383394
    29     6  2017        8.195448
    30     6  2017        8.024140
     1     7  2017        7.867112
     2     7  2017        7.722042
     3     7  2017        7.587337
     4     7  2017        7.462010
     5     7  2017        7.345197
     6     7  2017        7.236133
     7     7  2017        7.134149
     8     7  2017        7.038650
     9     7  2017        6.949106
    10     7  2017        6.865027
    11     7  2017        6.785965
    12     7  2017        6.711497
    13     7  2017        6.641241
    14     7  2017        6.574839
    15     7  2017        6.511962
    16     7  2017        6.452312
    17     7  2017        6.929753
    18     7  2017        6.613585
    19     7  2017        6.367953
    20     7  2017        6.288247
    21     7  2017        6.226040
    22     7  2017        6.171890
    23     7  2017        6.122557
    24     7  2017        6.076602
    25     7  2017        6.033238
    26     7  2017        5.991970
    27     7  2017        5.952442
    28     7  2017        5.914395
    29     7  2017        5.877622
    30     7  2017        5.841960
    31     7  2017        5.807274
     1     8  2017        5.773451
     2     8  2017       13.026797
     3     8  2017       11.788742
     4     8  2017        9.097212
     5     8  2017        7.450089
     6     8  2017        6.735953
     7     8  2017        6.319582
     8     8  2017        6.056345
     9     8  2017        5.897515
    10     8  2017        5.777805
    11     8  2017        5.679749
    12     8  2017       11.465045
    13     8  2017       16.001392
    14     8  2017       18.657223
    15     8  2017       16.321259
    16     8  2017       11.869020
    17     8  2017        9.491949
    18     8  2017        8.076331
    19     8  2017        9.505651
    20     8  2017       39.645996
    21     8  2017       31.954037
    22     8  2017       17.780008
    23     8  2017       13.321188
    24     8  2017       10.782959
    25     8  2017        9.222305
    26     8  2017        8.218957
    27     8  2017        7.551834
    28     8  2017        7.094495
    29     8  2017        6.771248
    30     8  2017        6.535457
    31     8  2017        6.357756
     1     9  2017        6.219344
     2     9  2017        6.107888
     3     9  2017        6.015281
     4     9  2017        5.936194
     5     9  2017        5.867049
     6     9  2017        5.805406
     7     9  2017        5.749577
     8     9  2017        5.698378
     9     9  2017        5.650949
    10     9  2017        5.606647
    11     9  2017        5.564980
    12     9  2017        5.525551
    13     9  2017        5.488052
    14     9  2017        5.452218
    15     9  2017        5.417832
    16     9  2017        5.384709
    17     9  2017        5.352690
    18     9  2017        5.321640
    19     9  2017        5.291437
    20     9  2017        5.265006
    21     9  2017        5.236658
    22     9  2017        5.206856
    23     9  2017        5.178391
    24     9  2017        8.068182
    25     9  2017        6.652629
    26     9  2017        5.616468
    27     9  2017        5.387016
    28     9  2017       10.272006
    29     9  2017       33.466484
    30     9  2017       23.545654
     1    10  2017       46.909122
     2    10  2017       36.052410
     3    10  2017       20.648621
     4    10  2017       14.759193
     5    10  2017       11.669724
     6    10  2017       21.050549
     7    10  2017       63.871193
     8    10  2017       54.193146
     9    10  2017       70.262466
    10    10  2017      150.989014
    11    10  2017      100.614510
    12    10  2017       54.842407
    13    10  2017       41.393505
    14    10  2017       30.116302
    15    10  2017       23.233561
    16    10  2017       19.072985
    17    10  2017       16.221767
    18    10  2017       14.193138
    19    10  2017       29.858328
    20    10  2017       23.644859
    21    10  2017      244.642593
    22    10  2017      163.650116
    23    10  2017       73.877243
    24    10  2017       51.684837
    25    10  2017      109.193253
    26    10  2017      130.694366
    27    10  2017      225.994568
    28    10  2017      143.720413
    29    10  2017      260.771515
    30    10  2017      291.594055
    31    10  2017      169.939713
     1    11  2017      102.623077
     2    11  2017       76.788918
     3    11  2017      155.171356
     4    11  2017      242.847931
     5    11  2017      156.453522
     6    11  2017       92.518761
     7    11  2017       70.967873
     8    11  2017       66.986725
     9    11  2017       54.758713
    10    11  2017      142.597305
    11    11  2017      102.857727
    12    11  2017       61.970547
    13    11  2017       50.033855
    14    11  2017       42.371399
    15    11  2017       36.986290
    16    11  2017       68.833588
    17    11  2017       76.970482
    18    11  2017      153.883896
    19    11  2017      109.658577
    20    11  2017       65.084793
    21    11  2017      100.317650
    22    11  2017       77.245087
    23    11  2017       52.290863
    24    11  2017       43.253178
    25    11  2017       76.191803
    26    11  2017       59.418537
    27    11  2017       40.928600
    28    11  2017       34.871483
    29    11  2017       30.866446
    30    11  2017       31.929581
     1    12  2017       29.590120
     2    12  2017       25.569252
     3    12  2017       23.527657
     4    12  2017       21.978853
     5    12  2017       20.729551
     6    12  2017       28.241728
     7    12  2017       38.524345
     8    12  2017       30.243916
     9    12  2017       23.193296
    10    12  2017       20.458265
    11    12  2017       18.727455
    12    12  2017       17.514509
    13    12  2017       16.606251
    14    12  2017       16.030872
    15    12  2017       22.538017
    16    12  2017       19.185743
    17    12  2017       20.030378
    18    12  2017       17.391182
    19    12  2017       15.409687
    20    12  2017       21.317060
    21    12  2017       28.202566
    22    12  2017       32.378208
    23    12  2017       35.515797
    24    12  2017       53.702641
    25    12  2017       37.124683
    26    12  2017       23.696795
    27    12  2017       20.904453
    28    12  2017       32.464661
    29    12  2017       62.775066
    30    12  2017       61.762409
    31    12  2017       37.786697
     1     1  2018       99.350258
     2     1  2018      112.065399
     3     1  2018       81.387276
     4     1  2018       52.898792
     5     1  2018       39.464031
     6     1  2018       31.978296
     7     1  2018       32.306702
     8     1  2018       27.906065
     9     1  2018       23.140970
    10     1  2018       20.664410
    11     1  2018       40.299957
    12     1  2018       33.811066
    13     1  2018       67.573723
    14     1  2018      111.242332
    15     1  2018      131.290054
    16     1  2018       97.276901
    17     1  2018       65.222252
    18     1  2018       52.897694
    19     1  2018       43.948357
    20     1  2018       50.081326
    21     1  2018       42.273872
    22     1  2018       34.406612
    23     1  2018       29.857347
    24     1  2018       27.304033
    25     1  2018       27.456919
    26     1  2018       24.630299
    27     1  2018       21.644163
    28     1  2018       82.804482
    29     1  2018       57.349068
    30     1  2018       33.887920
    31     1  2018       27.198446
     1     2  2018       23.501129
     2     2  2018       21.158873
     3     2  2018       19.513186
     4     2  2018       18.287243
     5     2  2018       17.333780
     6     2  2018       16.566002
     7     2  2018       15.929607
     8     2  2018       15.389391
     9     2  2018       50.116940
    10     2  2018       57.911758
    11     2  2018      108.520149
    12     2  2018       85.125015
    13     2  2018       55.544853
    14     2  2018       40.509979
    15     2  2018       32.591862
    16     2  2018       27.067822
    17     2  2018       55.118172
    18     2  2018       54.399353
    19     2  2018       55.651028
    20     2  2018       51.399841
    21     2  2018       37.685974
    22     2  2018       29.257137
    23     2  2018       24.964552
    24     2  2018       22.223415
    25     2  2018       20.321541
    26     2  2018       19.027056
    27     2  2018       20.330318
    28     2  2018      157.017746
     1     3  2018      153.073074
     2     3  2018       93.498383
     3     3  2018       93.855362
     4     3  2018       73.472450
     5     3  2018       55.744175
     6     3  2018       44.604000
     7     3  2018       37.756058
     8     3  2018       32.646069
     9     3  2018       28.658979
    10     3  2018       30.841827
    11     3  2018       29.099625
    12     3  2018       24.969740
    13     3  2018       22.708389
    14     3  2018       40.354649
    15     3  2018       43.202778
    16     3  2018       33.400085
    17     3  2018       28.293581
    18     3  2018       23.669184
    19     3  2018       26.141209
    20     3  2018       45.877083
    21     3  2018       32.386181
    22     3  2018       22.787756
    23     3  2018       24.064789
    24     3  2018       70.736176
    25     3  2018      107.010361
    26     3  2018       75.877327
    27     3  2018       77.834946
    28     3  2018       65.781944
    29     3  2018       69.919083
    30     3  2018       65.386482
    31     3  2018       52.149017
     1     4  2018       57.883366
     2     4  2018       48.110420
     3     4  2018       37.495995
     4     4  2018       31.379765
     5     4  2018       27.716585
     6     4  2018       25.151724
     7     4  2018       23.258842
     8     4  2018       21.803867
     9     4  2018       20.645992
    10     4  2018       19.696346
    11     4  2018       18.897053
    12     4  2018       18.209526
    13     4  2018       17.607536
    14     4  2018       17.072903
    15     4  2018       17.101946
    16     4  2018       16.611801
    17     4  2018       15.902151
    18     4  2018       15.476857
    19     4  2018       15.112155
    20     4  2018       14.783062
    21     4  2018       14.481300
    22     4  2018       14.202218
    23     4  2018       13.942583
    24     4  2018       13.699951
    25     4  2018       13.472385
    26     4  2018       13.258293
    27     4  2018       13.056352
    28     4  2018       12.865427
    29     4  2018       12.684545
    30     4  2018       12.512847
     1     5  2018       12.349580
     2     5  2018       12.195341
     3     5  2018       12.049550
     4     5  2018       11.911139
     5     5  2018       11.779315
     6     5  2018       13.395468
     7     5  2018       12.742717
     8     5  2018       11.970879
     9     5  2018       11.627095
    10     5  2018       11.408449
    11     5  2018       15.066432
    12     5  2018       13.429676
    13     5  2018       12.020920
    14     5  2018       11.473678
    15     5  2018       45.697926
    16     5  2018       31.783382
    17     5  2018       19.853188
    18     5  2018       84.125366
    19     5  2018       67.336571
    20     5  2018       43.691776
    21     5  2018       30.624846
    22     5  2018       24.309052
    23     5  2018       20.432243
    24     5  2018       17.893259
    25     5  2018       16.155825
    26     5  2018       14.927326
    27     5  2018       14.031468
    28     5  2018       13.360465
    29     5  2018       12.845602
    30     5  2018       12.441179
    31     5  2018       12.116194
     1     6  2018       26.983002
     2     6  2018       26.563599
     3     6  2018       19.885422
     4     6  2018       24.120607
     5     6  2018       19.002937
     6     6  2018       14.850058
     7     6  2018       13.425646
     8     6  2018       12.610990
     9     6  2018       12.067106
    10     6  2018       11.680815
    11     6  2018       11.393621
    12     6  2018       21.374216
    13     6  2018       23.932512
    14     6  2018       21.033092
    15     6  2018       16.653900
    16     6  2018       15.411596
    17     6  2018       13.528022
    18     6  2018       12.337733
    19     6  2018       11.722413
    20     6  2018       11.317356
    21     6  2018       11.034813
    22     6  2018       10.827254
    23     6  2018       10.667027
    24     6  2018       10.876275
    25     6  2018       11.122561
    26     6  2018       55.415546
    27     6  2018       54.245461
    28     6  2018       38.684258
    29     6  2018       33.891850
    30     6  2018       25.448751
     1     7  2018       19.768387
     2     7  2018       16.758928
     3     7  2018       15.035017
     4     7  2018       13.849414
     5     7  2018       12.996921
     6     7  2018       12.364801
     7     7  2018       11.884644
     8     7  2018       11.511958
     9     7  2018       11.217133
    10     7  2018       10.978482
    11     7  2018       10.781024
    12     7  2018       10.614614
    13     7  2018       10.471584
    14     7  2018       10.346327
    15     7  2018       10.234724
    16     7  2018       10.133732
    17     7  2018       10.041094
    18     7  2018        9.955112
    19     7  2018        9.874518
    20     7  2018       11.215644
    21     7  2018       10.483141
    22     7  2018        9.892373
    23     7  2018        9.736505
    24     7  2018        9.625828
    25     7  2018        9.535643
    26     7  2018        9.456993
    27     7  2018        9.385748
    28     7  2018        9.319659
    29     7  2018        9.257347
    30     7  2018        9.208360
    31     7  2018        9.296475
     1     8  2018        9.252250
     2     8  2018        9.121834
     3     8  2018       21.139427
     4     8  2018       22.642817
     5     8  2018       18.231590
     6     8  2018       13.681451
     7     8  2018       11.779936
     8     8  2018       26.632113
     9     8  2018       21.520342
    10     8  2018       15.588331
    11     8  2018       12.568546
    12     8  2018       11.157826
    13     8  2018       10.313884
    14     8  2018        9.773582
    15     8  2018        9.411697
    16     8  2018        9.159842
    17     8  2018        8.977853
    18     8  2018        8.841146
    19     8  2018        8.734261
    20     8  2018        8.647307
    21     8  2018       14.486896
    22     8  2018       14.143292
    23     8  2018       11.081447
    24     8  2018       56.691177
    25     8  2018       42.028629
    26     8  2018       25.882635
    27     8  2018       18.395618
    28     8  2018       14.922938
    29     8  2018       12.829991
    30     8  2018       11.485970
    31     8  2018       21.157682
     1     9  2018       45.482822
     2     9  2018       66.552902
     3     9  2018       46.867317
     4     9  2018       30.086548
     5     9  2018       22.294353
     6     9  2018       18.164089
     7     9  2018       15.541098
     8     9  2018       13.777383
     9     9  2018       12.545270
    10     9  2018       11.659300
    11     9  2018       11.006491
    12     9  2018       10.514392
    13     9  2018       16.864079
    14     9  2018       14.120516
    15     9  2018       11.389676
    16     9  2018       19.973104
    17     9  2018       18.100632
    18     9  2018       14.392528
    19     9  2018       23.533875
    20     9  2018       71.586594
    21     9  2018       50.422215
    22     9  2018       27.807991
    23     9  2018       21.003063
    24     9  2018       18.065224
    25     9  2018       15.294559
    26     9  2018       13.388578
    27     9  2018       12.255822
    28     9  2018       11.440802
    29     9  2018       10.832364
    30     9  2018       31.090332
     1    10  2018       31.197987
     2    10  2018       41.807995
     3    10  2018       27.774124
     4    10  2018       19.096617
     5    10  2018       16.166756
     6    10  2018       29.491508
     7    10  2018       78.921516
     8    10  2018       53.378040
     9    10  2018       32.312744
    10    10  2018       23.815708
    11    10  2018       19.437075
    12    10  2018       16.635986
    13    10  2018       44.048801
    14    10  2018       31.392962
    15    10  2018       22.960110
    16    10  2018       20.377722
    17    10  2018       27.825024
    18    10  2018       78.918182
    19    10  2018       61.234283
    20    10  2018       39.303951
    21    10  2018       28.024710
    22    10  2018       22.454145
    23    10  2018       19.000011
    24    10  2018       20.822905
    25    10  2018       26.080261
    26    10  2018       98.716316
    27    10  2018       76.729912
    28    10  2018       47.600708
    29    10  2018       33.834187
    30    10  2018       26.848560
    31    10  2018       53.224266
     1    11  2018       46.176373
     2    11  2018       31.606089
     3    11  2018       45.241329
     4    11  2018       33.215321
     5    11  2018       23.366304
     6    11  2018       19.816130
     7    11  2018       17.609699
     8    11  2018       16.067389
     9    11  2018       14.928115
    10    11  2018       14.052964
    11    11  2018       13.359161
    12    11  2018       12.794365
    13    11  2018       12.324313
    14    11  2018       33.399963
    15    11  2018       29.395840
    16    11  2018       21.702135
    17    11  2018       16.574348
    18    11  2018       35.618881
    19    11  2018       29.545988
    20    11  2018       21.239592
    21    11  2018       16.437658
    22    11  2018       14.212059
    23    11  2018       23.328526
    24    11  2018       26.584639
    25    11  2018       20.928701
    26    11  2018       15.590445
    27    11  2018       13.477363
    28    11  2018       26.944880
    29    11  2018       23.766218
    30    11  2018       39.221806
     1    12  2018       28.095644
     2    12  2018       18.895258
     3    12  2018       15.235901
     4    12  2018       13.399216
     5    12  2018       12.221642
     6    12  2018       11.394348
     7    12  2018       10.828016
     8    12  2018       10.419992
     9    12  2018       10.114768
    10    12  2018        9.878476
    11    12  2018        9.689666
    12    12  2018        9.534277
    13    12  2018       10.750905
    14    12  2018        9.852463
    15    12  2018       11.056933
    16    12  2018       10.651652
    17    12  2018       14.407877
    18    12  2018       11.554922
    19    12  2018       14.820475
    20    12  2018       13.787411
    21    12  2018       14.089570
    22    12  2018       17.291473
    23    12  2018       15.665747
    24    12  2018       14.155125
    25    12  2018       12.959525
    26    12  2018       15.225224
    27    12  2018       12.082794
    28    12  2018       12.019935
    29    12  2018       11.899868
    30    12  2018       13.412622
    31    12  2018       11.411755
     1     1  2019        9.932753
     2     1  2019        9.394639
     3     1  2019        9.003267
     4     1  2019       59.326324
     5     1  2019       41.282814
     6     1  2019       24.716537
     7     1  2019       25.860323
     8     1  2019       38.483185
     9     1  2019       36.912102
    10     1  2019       32.891727
    11     1  2019       37.747410
    12     1  2019       33.613697
    13     1  2019       23.670950
    14     1  2019       57.953651
    15     1  2019       41.069492
    16     1  2019       29.856264
    17     1  2019       44.816662
    18     1  2019       40.838551
    19     1  2019       34.790588
    20     1  2019       28.602367
    21     1  2019       21.632740
    22     1  2019       22.069571
    23     1  2019       20.216215
    24     1  2019       16.721233
    25     1  2019       14.797102
    26     1  2019       15.659204
    27     1  2019       14.864517
    28     1  2019       13.024736
    29     1  2019       12.122202
    30     1  2019       11.446524
    31     1  2019       10.932798
     1     2  2019       10.558284
     2     2  2019       13.866768
     3     2  2019       18.078226
     4     2  2019       19.051567
     5     2  2019       35.333595
     6     2  2019       23.478371
     7     2  2019       19.104364
     8     2  2019       14.879324
     9     2  2019       12.194815
    10     2  2019       11.130211
    11     2  2019       52.685555
    12     2  2019       41.175255
    13     2  2019       24.620983
    14     2  2019       17.503000
    15     2  2019       30.542732
    16     2  2019       31.581249
    17     2  2019       23.524279
    18     2  2019       24.945221
    19     2  2019       38.792854
    20     2  2019       35.465122
    21     2  2019       24.039026
    22     2  2019       34.073765
    23     2  2019       24.285564
    24     2  2019       18.129837
    25     2  2019       40.696644
    26     2  2019       41.147572
    27     2  2019       30.144487
    28     2  2019       22.136038
     1     3  2019       18.220568
     2     3  2019       15.795674
     3     3  2019       14.210667
     4     3  2019       13.126565
     5     3  2019       12.353246
     6     3  2019       28.365915
     7     3  2019       89.092606
     8     3  2019      104.458542
     9     3  2019       82.091782
    10     3  2019       65.128792
    11     3  2019       45.226078
    12     3  2019       33.981461
    13     3  2019       27.652266
    14     3  2019       46.292763
    15     3  2019       33.946552
    16     3  2019       24.490511
    17     3  2019       27.778605
    18     3  2019       34.186890
    19     3  2019       28.228577
    20     3  2019       21.237555
    21     3  2019       18.407091
    22     3  2019       16.607452
    23     3  2019       15.352951
    24     3  2019       14.427169
    25     3  2019       15.212867
    26     3  2019       14.749205
    27     3  2019       13.491877
    28     3  2019       12.771568
    29     3  2019       13.745727
    30     3  2019       13.441616
    31     3  2019       12.313555
     1     4  2019       11.702216
     2     4  2019       11.268873
     3     4  2019       12.915711
     4     4  2019       14.862390
     5     4  2019       43.144691
     6     4  2019       37.075050
     7     4  2019       26.721035
     8     4  2019       19.498003
     9     4  2019       15.767525
    10     4  2019       13.701263
    11     4  2019       12.407187
    12     4  2019       11.557146
    13     4  2019       10.976004
    14     4  2019       10.562777
    15     4  2019       10.256828
    16     4  2019       10.177495
    17     4  2019        9.954556
    18     4  2019        9.718418
    19     4  2019        9.554461
    20     4  2019       26.757877
    21     4  2019       24.673635
    22     4  2019       19.165422
    23     4  2019       14.662081
    24     4  2019       12.290874
    25     4  2019       11.145637
    26     4  2019       17.525160
    27     4  2019       30.388699
    28     4  2019       44.868874
    29     4  2019       34.913872
    30     4  2019       23.712765
     1     5  2019       26.034843
     2     5  2019       20.427498
     3     5  2019       15.342841
     4     5  2019       13.291634
     5     5  2019       11.982202
     6     5  2019       33.487152
     7     5  2019       23.768133
     8     5  2019       15.286971
     9     5  2019       36.722683
    10     5  2019       45.838543
    11     5  2019       53.494549
    12     5  2019       52.409828
    13     5  2019       42.640518
    14     5  2019       32.191017
    15     5  2019       26.294847
    16     5  2019       21.468534
    17     5  2019       18.555794
    18     5  2019       16.590874
    19     5  2019       15.206964
    20     5  2019       14.194849
    21     5  2019       13.428431
    22     5  2019       12.830467
    23     5  2019       40.073143
    24     5  2019       43.681877
    25     5  2019       33.782063
    26     5  2019       23.780947
    27     5  2019       19.490664
    28     5  2019       67.123909
    29     5  2019       64.497620
    30     5  2019      127.039215
    31     5  2019      263.343109
     1     6  2019      181.658173
     2     6  2019      110.936157
     3     6  2019       80.088821
     4     6  2019       59.861279
     5     6  2019       48.138443
     6     6  2019       40.404068
     7     6  2019       35.027889
     8     6  2019       31.131706
     9     6  2019       28.202574
    10     6  2019       25.927185
    11     6  2019       24.107573
    12     6  2019       22.614830
    13     6  2019       21.362951
    14     6  2019       20.293283
    15     6  2019       19.364927
    16     6  2019       18.548723
    17     6  2019       17.823463
    18     6  2019       17.173370
    19     6  2019       16.586456
    20     6  2019       16.053440
    21     6  2019       15.566984
    22     6  2019       15.121189
    23     6  2019       14.711218
    24     6  2019       14.333099
    25     6  2019       13.983564
    26     6  2019       51.105354
    27     6  2019       35.452248
    28     6  2019       21.683226
    29     6  2019       18.076086
    30     6  2019       16.214703
     1     7  2019       17.230349
     2     7  2019       15.550894
     3     7  2019       14.018909
     4     7  2019       13.393419
     5     7  2019       12.924635
     6     7  2019       12.557255
     7     7  2019       12.254692
     8     7  2019       11.997643
     9     7  2019       11.773946
    10     7  2019       11.575487
    11     7  2019       11.396676
    12     7  2019       11.233541
    13     7  2019       11.083213
    14     7  2019       11.088128
    15     7  2019       29.661800
    16     7  2019       21.044603
    17     7  2019       14.234882
    18     7  2019       12.730396
    19     7  2019       11.900920
    20     7  2019       11.370171
    21     7  2019       10.998932
    22     7  2019       10.723022
    23     7  2019       10.508266
    24     7  2019       10.334630
    25     7  2019       10.189569
    26     7  2019       10.064919
    27     7  2019        9.955178
    28     7  2019        9.856662
    29     7  2019        9.766616
    30     7  2019       15.540894
    31     7  2019       12.700867
     1     8  2019       10.608804
     2     8  2019       10.118641
     3     8  2019        9.837819
     4     8  2019        9.645545
     5     8  2019        9.500170
     6     8  2019        9.383161
     7     8  2019        9.284546
     8     8  2019        9.198530
     9     8  2019        9.122339
    10     8  2019        9.051989
    11     8  2019        8.985931
    12     8  2019        8.923819
    13     8  2019        8.932918
    14     8  2019        8.885240
    15     8  2019        8.796102
    16     8  2019        8.725646
    17     8  2019        8.663891
    18     8  2019        9.466893
    19     8  2019       15.914396
    20     8  2019       12.317323
    21     8  2019        9.807808
    22     8  2019       10.864108
    23     8  2019        9.788360
    24     8  2019        9.047693
    25     8  2019        8.752555
    26     8  2019        8.572569
    27     8  2019        8.442192
    28     8  2019        8.340309
    29     8  2019        8.256530
    30     8  2019        8.184927
    31     8  2019       27.710337
     1     9  2019       25.529537
     2     9  2019       20.506010
     3     9  2019       15.407969
     4     9  2019       12.389951
     5     9  2019       10.758125
     6     9  2019        9.762233
     7     9  2019        9.128962
     8     9  2019        8.713276
     9     9  2019        8.431904
    10     9  2019        8.235052
    11     9  2019        8.092184
    12     9  2019        8.158699
    13     9  2019        8.011518
    14     9  2019        7.857850
    15     9  2019        7.786964
    16     9  2019        7.728342
    17     9  2019        7.676760
    18     9  2019        7.868008
    19     9  2019       11.827505
    20     9  2019       12.144385
    21     9  2019       11.846507
    22     9  2019       10.372656
    23     9  2019        9.068436
    24     9  2019        8.439167
    25     9  2019        8.128663
    26     9  2019        7.875599
    27     9  2019        7.647481
    28     9  2019        7.498980
    29     9  2019        7.393461
    30     9  2019        7.313929
     1    10  2019        7.250492
     2    10  2019       21.391924
     3    10  2019       16.439585
     4    10  2019       10.984352
     5    10  2019       12.561749
     6    10  2019       11.437056
     7    10  2019        9.431236
     8    10  2019        8.390924
     9    10  2019        7.880700
    10    10  2019        7.557723
    11    10  2019        7.340255
    12    10  2019        7.186829
    13    10  2019        9.254071
    14    10  2019        8.122348
    15    10  2019        7.303971
    16    10  2019        7.096459
    17    10  2019        6.967014
    18    10  2019        8.285474
    19    10  2019        8.637622
    20    10  2019        9.385779
    21    10  2019       39.819038
    22    10  2019       26.070736
    23    10  2019       14.027816
    24    10  2019       11.101798
    25    10  2019        9.498938
    26    10  2019        8.528041
    27    10  2019       31.613474
    28    10  2019       30.358688
    29    10  2019       18.648640
    30    10  2019       12.704161
    31    10  2019       14.265501
     1    11  2019       12.033771
     2    11  2019       11.624086
     3    11  2019        9.849205
     4    11  2019       12.535200
     5    11  2019       16.408573
     6    11  2019       12.116720
     7    11  2019       13.165405
     8    11  2019       10.350754
     9    11  2019       21.299856
    10    11  2019       31.699474
    11    11  2019       26.520247
    12    11  2019       16.624956
    13    11  2019       33.989315
    14    11  2019       25.552401
    15    11  2019       15.914845
    16    11  2019       12.053853
    17    11  2019       10.272491
    18    11  2019        9.180416
    19    11  2019        8.466641
    20    11  2019        7.981272
    21    11  2019        7.640321
    22    11  2019        7.393272
    23    11  2019        7.208634
    24    11  2019        7.066337
    25    11  2019        6.953310
    26    11  2019       12.069130
    27    11  2019       44.395447
    28    11  2019       31.722340
    29    11  2019       17.485764
    30    11  2019       13.040262
     1    12  2019       10.717174
     2    12  2019        9.325860
     3    12  2019       13.140805
     4    12  2019       15.178905
     5    12  2019       14.747757
     6    12  2019       12.280009
     7    12  2019        9.943708
     8    12  2019        9.819912
     9    12  2019       28.906597
    10    12  2019       22.857986
    11    12  2019       13.452878
    12    12  2019       11.422358
    13    12  2019        9.548036
    14    12  2019        8.398067
    15    12  2019       59.063286
    16    12  2019       87.775024
    17    12  2019       85.544502
    18    12  2019       56.748554
    19    12  2019       38.175682
    20    12  2019       31.122110
    21    12  2019       36.001999
    22    12  2019       29.409231
    23    12  2019       21.186710
    24    12  2019       17.278736
    25    12  2019       14.780783
    26    12  2019       13.083906
    27    12  2019       11.885858
    28    12  2019       11.010632
    29    12  2019       10.350421
    30    12  2019        9.837083
    31    12  2019        9.668873
     1     1  2020       49.057945
     2     1  2020       34.933212
     3     1  2020       18.641895
     4     1  2020       15.160987
     5     1  2020       13.197928
     6     1  2020       11.377550
     7     1  2020       10.310069
     8     1  2020        9.571836
     9     1  2020       18.855585
    10     1  2020       48.485195
    11     1  2020       81.905144
    12     1  2020       52.813366
    13     1  2020       30.782112
    14     1  2020       24.876678
    15     1  2020       20.337807
    16     1  2020       36.786633
    17     1  2020       27.508116
    18     1  2020       17.707800
    19     1  2020       14.665388
    20     1  2020       12.806149
    21     1  2020       11.572532
    22     1  2020       13.362709
    23     1  2020       12.887716
    24     1  2020       11.009990
    25     1  2020        9.898242
    26     1  2020        9.378356
    27     1  2020        9.011011
    28     1  2020       49.604801
    29     1  2020      165.345551
    30     1  2020      140.220825
    31     1  2020       75.314278
     1     2  2020       45.345467
     2     2  2020      107.882401
     3     2  2020       79.922760
     4     2  2020       46.085583
     5     2  2020       35.480080
     6     2  2020       53.868896
     7     2  2020       41.364269
     8     2  2020       28.893520
     9     2  2020       24.032125
    10     2  2020       22.267551
    11     2  2020       19.854939
    12     2  2020       17.422195
    13     2  2020       15.978668
    14     2  2020       14.873358
    15     2  2020       13.992464
    16     2  2020       13.270709
    17     2  2020       12.690009
    18     2  2020       44.302235
    19     2  2020       31.104961
    20     2  2020       18.482937
    21     2  2020       15.495519
    22     2  2020       13.767104
    23     2  2020       12.638136
    24     2  2020       11.843895
    25     2  2020       67.942345
    26     2  2020       60.854416
    27     2  2020       33.333412
    28     2  2020       22.458424
    29     2  2020       18.157837
     1     3  2020       15.565636
     2     3  2020       13.875417
     3     3  2020       12.716681
     4     3  2020       11.891003
     5     3  2020       11.281724
     6     3  2020       10.817468
     7     3  2020       29.755306
     8     3  2020       21.609278
     9     3  2020       14.079629
    10     3  2020       12.292724
    11     3  2020       11.270322
    12     3  2020       10.608528
    13     3  2020       10.147128
    14     3  2020        9.808013
    15     3  2020        9.548191
    16     3  2020        9.342042
    17     3  2020        9.520013
    18     3  2020       47.089596
    19     3  2020       33.597256
    20     3  2020       18.284506
    21     3  2020       14.453976
    22     3  2020       12.391273
    23     3  2020       11.141548
    24     3  2020       10.334663
    25     3  2020        9.790048
    26     3  2020        9.408522
    27     3  2020        9.131720
    28     3  2020        8.947975
    29     3  2020        8.851553
    30     3  2020        8.718452
    31     3  2020        8.566633
     1     4  2020        8.457947
     2     4  2020        8.407964
     3     4  2020        8.336272
     4     4  2020        8.246497
     5     4  2020        8.177313
     6     4  2020       26.640757
     7     4  2020       20.048443
     8     4  2020       12.551634
     9     4  2020       10.703028
    10     4  2020        9.693962
    11     4  2020        9.079073
    12     4  2020        8.679562
    13     4  2020       30.100973
    14     4  2020       22.158728
    15     4  2020       13.311455
    16     4  2020       11.124675
    17     4  2020        9.932336
    18     4  2020        9.207038
    19     4  2020        8.737954
    20     4  2020        8.421081
    21     4  2020        8.198921
    22     4  2020        8.037518
    23     4  2020        7.915972
    24     4  2020        7.821069
    25     4  2020        7.744269
    26     4  2020        7.679953
    27     4  2020        7.624343
    28     4  2020        7.574874
    29     4  2020        7.529786
    30     4  2020        7.487843
     1     5  2020        7.448189
     2     5  2020        7.410430
     3     5  2020        7.374166
     4     5  2020        7.339012
     5     5  2020        8.807414
     6     5  2020       17.383099
     7     5  2020       13.249974
     8     5  2020        9.540223
     9     5  2020        8.591269
    10     5  2020        8.064660
    11     5  2020        7.738857
    12     5  2020       11.966536
    13     5  2020       58.807533
    14     5  2020       40.960209
    15     5  2020       20.739706
    16     5  2020       15.718629
    17     5  2020       12.904280
    18     5  2020       11.170167
    19     5  2020       10.043599
    20     5  2020        9.285046
    21     5  2020        8.759622
    22     5  2020      199.390701
    23     5  2020      136.782761
    24     5  2020       61.975571
    25     5  2020       43.190109
    26     5  2020       32.222912
    27     5  2020       25.517000
    28     5  2020       21.165884
    29     5  2020       18.212942
    30     5  2020       16.134140
    31     5  2020       16.406605
     1     6  2020       19.056267
     2     6  2020       16.170242
     3     6  2020       13.460107
     4     6  2020       39.833626
     5     6  2020       48.774521
     6     6  2020       32.381729
     7     6  2020       21.719801
     8     6  2020       18.416931
     9     6  2020       39.611710
    10     6  2020       51.793133
    11     6  2020       36.202694
    12     6  2020       25.027744
    13     6  2020       33.394196
    14     6  2020       27.225498
    15     6  2020       20.427059
    16     6  2020       17.974806
    17     6  2020       16.327803
    18     6  2020       15.131491
    19     6  2020       14.217928
    20     6  2020       13.493628
    21     6  2020       12.901950
    22     6  2020       12.406662
    23     6  2020       11.983692
    24     6  2020       11.616584
    25     6  2020       16.220779
    26     6  2020       18.820364
    27     6  2020       14.721653
    28     6  2020       12.377160
    29     6  2020       12.354795
    30     6  2020       49.320019
     1     7  2020       35.029812
     2     7  2020       19.709564
     3     7  2020       16.080267
     4     7  2020       14.033431
     5     7  2020       13.475277
     6     7  2020       33.294891
     7     7  2020       26.006948
     8     7  2020       34.338734
     9     7  2020       25.988535
    10     7  2020       17.639187
    11     7  2020       15.070535
    12     7  2020       13.509858
    13     7  2020       12.474191
    14     7  2020       11.740618
    15     7  2020       11.196981
    16     7  2020       10.783274
    17     7  2020       10.524317
    18     7  2020       10.252976
    19     7  2020        9.995759
    20     7  2020        9.803610
    21     7  2020        9.639054
    22     7  2020        9.494832
    23     7  2020        9.366148
    24     7  2020        9.249689
    25     7  2020        9.706657
    26     7  2020        9.451824
    27     7  2020        9.094438
    28     7  2020       14.554127
    29     7  2020       12.265938
    30     7  2020        9.995220
    31     7  2020        9.425169
     1     8  2020        9.091816
     2     8  2020        8.869114
     3     8  2020        8.707111
     4     8  2020        8.581752
     5     8  2020        8.479893
     6     8  2020        8.393770
     7     8  2020        8.318571
     8     8  2020        8.251188
     9     8  2020        8.189565
    10     8  2020        8.132304
    11     8  2020        8.078424
    12     8  2020       33.508648
    13     8  2020       25.082150
    14     8  2020       41.812191
    15     8  2020       89.325554
    16     8  2020       58.845337
    17     8  2020       40.214355
    18     8  2020       79.880821
    19     8  2020      118.757477
    20     8  2020       75.120186
    21     8  2020       44.198181
    22     8  2020       33.363846
    23     8  2020       26.816544
    24     8  2020       22.559664
    25     8  2020       19.637316
    26     8  2020       17.545839
    27     8  2020       15.997023
    28     8  2020       14.815926
    29     8  2020       13.891388
    30     8  2020       13.150411
    31     8  2020       12.543801
     1     9  2020       12.037788
     2     9  2020       11.607399
     3     9  2020       11.235874
     4     9  2020       10.911731
     5     9  2020       10.626207
     6     9  2020       10.372576
     7     9  2020       10.145627
     8     9  2020        9.941283
     9     9  2020        9.756316
    10     9  2020        9.588105
    11     9  2020        9.434471
    12     9  2020        9.293581
    13     9  2020        9.163874
    14     9  2020        9.044010
    15     9  2020        8.932837
    16     9  2020        8.830101
    17     9  2020       22.338778
    18     9  2020       17.105022
    19     9  2020       11.691622
    20     9  2020       10.376508
    21     9  2020        9.642048
    22     9  2020        9.455591
    23     9  2020        9.019616
    24     9  2020        8.694920
    25     9  2020        8.506618
    26     9  2020        8.364531
    27     9  2020       29.404099
    28     9  2020       38.643078
    29     9  2020       24.717833
    30     9  2020       15.465068
     1    10  2020       12.589151
     2    10  2020       10.966884
     3    10  2020       10.247398
     4    10  2020        9.630395
     5    10  2020        9.033884
     6    10  2020        8.661102
     7    10  2020        8.404944
     8    10  2020       11.149217
     9    10  2020       58.714432
    10    10  2020       38.916271
    11    10  2020       19.771791
    12    10  2020       15.130674
    13    10  2020       12.583149
    14    10  2020       40.940353
    15    10  2020       29.602505
    16    10  2020       16.896036
    17    10  2020       13.585853
    18    10  2020       11.709104
    19    10  2020       10.538069
    20    10  2020        9.767856
    21    10  2020        9.241682
    22    10  2020        8.870146
    23    10  2020        8.599324
    24    10  2020        8.395583
    25    10  2020        8.237434
    26    10  2020       10.549038
    27    10  2020        9.514068
    28    10  2020        8.463551
    29    10  2020        8.504915
    30    10  2020        8.303512
    31    10  2020        8.026834
     1    11  2020        7.859785
     2    11  2020        7.740358
     3    11  2020        7.652119
     4    11  2020        7.580541
     5    11  2020        7.519537
     6    11  2020        7.465505
     7    11  2020        7.416203
     8    11  2020        7.370187
     9    11  2020       13.551771
    10    11  2020       21.005611
    11    11  2020       15.281976
    12    11  2020       11.780642
    13    11  2020       10.225766
    14    11  2020        8.962578
    15    11  2020       12.924062
    16    11  2020       10.795053
    17    11  2020        8.677886
    18    11  2020       15.417544
    19    11  2020       12.584643
    20    11  2020        9.332536
    21    11  2020        8.410917
    22    11  2020        7.885558
    23    11  2020        7.553897
    24    11  2020        7.331316
    25    11  2020        7.174699
    26    11  2020        7.059728
    27    11  2020        9.320450
    28    11  2020        8.694430
    29    11  2020       23.515045
    30    11  2020       83.756798
     1    12  2020       54.299904
     2    12  2020       33.951656
     3    12  2020      181.675339
     4    12  2020      125.099396
     5    12  2020      156.767838
     6    12  2020      107.957245
     7    12  2020       59.494263
     8    12  2020       43.010719
     9    12  2020       33.126633
    10    12  2020       26.760349
    11    12  2020       22.457840
    12    12  2020       19.434345
    13    12  2020       31.871740
    14    12  2020       25.381731
    15    12  2020       18.098793
    16    12  2020       31.433760
    17    12  2020       27.179138
    18    12  2020       18.826155
    19    12  2020       16.428072
    20    12  2020       49.936676
    21    12  2020       37.153816
    22    12  2020       21.632589
    23    12  2020       17.088987
    24    12  2020       14.676089
    25    12  2020       13.123293
    26    12  2020       12.052698
    27    12  2020       17.004570
    28    12  2020       36.409874
    29    12  2020       38.953262
    30    12  2020       25.113415
    31    12  2020       16.993805
