     1     1  2017        1.154015
     2     1  2017        2.218524
     3     1  2017        3.047457
     4     1  2017       10.054878
     5     1  2017       23.372004
     6     1  2017       30.414215
     7     1  2017       23.839870
     8     1  2017       25.238161
     9     1  2017       21.765833
    10     1  2017       16.722561
    11     1  2017       13.600899
    12     1  2017       12.407319
    13     1  2017       10.890548
    14     1  2017       10.027494
    15     1  2017        9.096027
    16     1  2017        8.332122
    17     1  2017        7.848639
    18     1  2017        7.614088
    19     1  2017        7.324047
    20     1  2017        7.080369
    21     1  2017       11.348820
    22     1  2017        9.840981
    23     1  2017        8.474579
    24     1  2017        7.550036
    25     1  2017       10.609415
    26     1  2017       10.119788
    27     1  2017        8.811642
    28     1  2017       10.734203
    29     1  2017        9.813668
    30     1  2017       28.563120
    31     1  2017       34.266514
     1     2  2017       70.510796
     2     2  2017       59.492874
     3     2  2017       43.817570
     4     2  2017       33.223236
     5     2  2017       26.354918
     6     2  2017       22.044407
     7     2  2017       19.191307
     8     2  2017       19.936920
     9     2  2017       18.407623
    10     2  2017       16.324104
    11     2  2017       38.511059
    12     2  2017       42.279491
    13     2  2017       45.139374
    14     2  2017       52.519157
    15     2  2017       40.195381
    16     2  2017       31.196026
    17     2  2017       26.402201
    18     2  2017       23.257360
    19     2  2017       25.104069
    20     2  2017       21.504837
    21     2  2017       19.093576
    22     2  2017       17.672894
    23     2  2017       18.968582
    24     2  2017       18.415581
    25     2  2017       17.427128
    26     2  2017       16.179327
    27     2  2017       25.414461
    28     2  2017       20.387516
     1     3  2017       24.085062
     2     3  2017       20.353779
     3     3  2017       23.978767
     4     3  2017       20.921934
     5     3  2017       31.373096
     6     3  2017       24.562241
     7     3  2017       20.021292
     8     3  2017       17.948160
     9     3  2017       16.731981
    10     3  2017       15.822042
    11     3  2017       15.495548
    12     3  2017       22.494972
    13     3  2017       18.879532
    14     3  2017       16.553314
    15     3  2017       15.481905
    16     3  2017       17.244696
    17     3  2017       18.438921
    18     3  2017       16.655235
    19     3  2017       15.248007
    20     3  2017       14.383131
    21     3  2017       13.828500
    22     3  2017       13.425134
    23     3  2017       13.298586
    24     3  2017       12.956512
    25     3  2017       12.652349
    26     3  2017       12.401853
    27     3  2017       12.173084
    28     3  2017       11.956343
    29     3  2017       11.750188
    30     3  2017       11.545843
    31     3  2017       11.344972
     1     4  2017       11.148011
     2     4  2017       10.954755
     3     4  2017       10.764934
     4     4  2017       12.861645
     5     4  2017       33.564323
     6     4  2017       31.217495
     7     4  2017       22.670355
     8     4  2017       18.030243
     9     4  2017       15.818172
    10     4  2017       14.696385
    11     4  2017       15.264712
    12     4  2017       14.228039
    13     4  2017       13.331970
    14     4  2017       13.210513
    15     4  2017       12.751528
    16     4  2017       12.925629
    17     4  2017       12.604592
    18     4  2017       12.108118
    19     4  2017       11.747823
    20     4  2017       13.774052
    21     4  2017       12.802815
    22     4  2017       12.219862
    23     4  2017       11.698847
    24     4  2017       11.303187
    25     4  2017       11.183300
    26     4  2017       23.961487
    27     4  2017       18.743031
    28     4  2017       14.936117
    29     4  2017       13.328942
    30     4  2017       12.453598
     1     5  2017       11.918325
     2     5  2017       11.675458
     3     5  2017       14.136610
     4     5  2017       20.896109
     5     5  2017       16.526775
     6     5  2017       13.790707
     7     5  2017       12.655529
     8     5  2017       12.045831
     9     5  2017       11.671879
    10     5  2017       11.413944
    11     5  2017       11.248969
    12     5  2017       11.079246
    13     5  2017       25.198793
    14     5  2017       19.111969
    15     5  2017       15.054038
    16     5  2017       13.426698
    17     5  2017       12.583593
    18     5  2017       97.446121
    19     5  2017      207.300888
    20     5  2017      138.321640
    21     5  2017       83.584892
    22     5  2017       58.950581
    23     5  2017       52.144562
    24     5  2017       41.327496
    25     5  2017       33.987568
    26     5  2017       29.453920
    27     5  2017       39.021130
    28     5  2017       37.048756
    29     5  2017       31.099522
    30     5  2017       47.537926
    31     5  2017      109.387405
     1     6  2017       79.847389
     2     6  2017       56.990929
     3     6  2017       46.072899
     4     6  2017       50.113880
     5     6  2017       65.815826
     6     6  2017       71.084396
     7     6  2017       63.858631
     8     6  2017       66.374237
     9     6  2017       55.156868
    10     6  2017       46.707993
    11     6  2017       41.421936
    12     6  2017       37.653866
    13     6  2017       34.815094
    14     6  2017       32.586006
    15     6  2017       30.774467
    16     6  2017       29.258516
    17     6  2017       27.958078
    18     6  2017       26.819311
    19     6  2017       28.656118
    20     6  2017       26.491600
    21     6  2017       24.947350
    22     6  2017       23.895998
    23     6  2017       23.055521
    24     6  2017       22.326891
    25     6  2017       21.669968
    26     6  2017       21.064127
    27     6  2017       20.497612
    28     6  2017       19.963127
    29     6  2017       19.455812
    30     6  2017       18.972221
     1     7  2017       18.509802
     2     7  2017       18.065731
     3     7  2017       17.638544
     4     7  2017       17.227165
     5     7  2017       16.830656
     6     7  2017       16.448130
     7     7  2017       16.078798
     8     7  2017       15.721953
     9     7  2017       15.376945
    10     7  2017       15.043180
    11     7  2017       14.720087
    12     7  2017       14.407149
    13     7  2017       14.103887
    14     7  2017       13.809834
    15     7  2017       13.524563
    16     7  2017       13.247673
    17     7  2017       13.292233
    18     7  2017       12.903156
    19     7  2017       12.578114
    20     7  2017       12.304211
    21     7  2017       12.053603
    22     7  2017       11.816189
    23     7  2017       11.588013
    24     7  2017       11.367121
    25     7  2017       11.152434
    26     7  2017       10.943298
    27     7  2017       10.739284
    28     7  2017       10.540083
    29     7  2017       10.345468
    30     7  2017       10.155242
    31     7  2017        9.969242
     1     8  2017        9.787327
     2     8  2017       13.921947
     3     8  2017       14.264953
     4     8  2017       12.568629
     5     8  2017       11.220135
     6     8  2017       10.529202
     7     8  2017       10.104661
     8     8  2017        9.815954
     9     8  2017        9.597900
    10     8  2017        9.417928
    11     8  2017        9.259143
    12     8  2017        9.112010
    13     8  2017       28.522190
    14     8  2017       22.398823
    15     8  2017       17.484497
    16     8  2017       14.471362
    17     8  2017       12.771651
    18     8  2017       11.805437
    19     8  2017       23.643726
    20     8  2017       64.086273
    21     8  2017       51.695728
    22     8  2017       37.513458
    23     8  2017       29.771360
    24     8  2017       25.142239
    25     8  2017       22.118004
    26     8  2017       20.029593
    27     8  2017       18.516825
    28     8  2017       17.371773
    29     8  2017       16.469322
    30     8  2017       15.731953
    31     8  2017       15.110383
     1     9  2017       14.572469
     2     9  2017       14.096723
     3     9  2017       13.668395
     4     9  2017       13.277193
     5     9  2017       12.915772
     6     9  2017       12.578775
     7     9  2017       12.262207
     8     9  2017       11.963047
     9     9  2017       11.678953
    10     9  2017       11.408094
    11     9  2017       11.149005
    12     9  2017       10.900505
    13     9  2017       10.661600
    14     9  2017       10.431484
    15     9  2017       10.209466
    16     9  2017        9.994954
    17     9  2017        9.787431
    18     9  2017        9.586451
    19     9  2017        9.391605
    20     9  2017        9.202536
    21     9  2017        9.018921
    22     9  2017        8.840469
    23     9  2017       10.005193
    24     9  2017        9.489554
    25     9  2017        8.957618
    26     9  2017        8.633171
    27     9  2017        8.394943
    28     9  2017        8.824469
    29     9  2017       18.591856
    30     9  2017       14.537100
     1    10  2017       17.105011
     2    10  2017       14.026452
     3    10  2017       11.596270
     4    10  2017       10.411879
     5    10  2017        9.753580
     6    10  2017       17.542797
     7    10  2017       17.823311
     8    10  2017       30.877445
     9    10  2017       56.941772
    10    10  2017      129.461380
    11    10  2017       89.722137
    12    10  2017       57.178677
    13    10  2017       44.282768
    14    10  2017       35.600929
    15    10  2017       29.427637
    16    10  2017       25.380281
    17    10  2017       22.569878
    18    10  2017       20.529394
    19    10  2017       20.601870
    20    10  2017       18.759195
    21    10  2017       96.365379
    22    10  2017       70.627480
    23    10  2017       48.946186
    24    10  2017       38.838776
    25    10  2017       53.073467
    26    10  2017       43.957321
    27    10  2017       39.347176
    28    10  2017       33.028336
    29    10  2017      134.874893
    30    10  2017      122.706650
    31    10  2017       82.669662
     1    11  2017       60.304489
     2    11  2017       48.217991
     3    11  2017       60.098061
     4    11  2017       88.853119
     5    11  2017       68.730789
     6    11  2017       52.897514
     7    11  2017       44.345886
     8    11  2017       39.879639
     9    11  2017       35.498085
    10    11  2017       59.019348
    11    11  2017       45.879391
    12    11  2017       36.875412
    13    11  2017       32.479626
    14    11  2017       29.657438
    15    11  2017       27.631783
    16    11  2017       26.594940
    17    11  2017       25.182484
    18    11  2017       52.329987
    19    11  2017       40.583866
    20    11  2017       35.570358
    21    11  2017       58.346268
    22    11  2017       46.033386
    23    11  2017       36.305412
    24    11  2017       31.482775
    25    11  2017       35.628925
    26    11  2017       30.927248
    27    11  2017       27.373009
    28    11  2017       25.354660
    29    11  2017       23.952456
    30    11  2017       26.027500
     1    12  2017       23.668407
     2    12  2017       22.050056
     3    12  2017       21.073469
     4    12  2017       20.387915
     5    12  2017       19.769234
     6    12  2017       27.433977
     7    12  2017       28.249224
     8    12  2017       23.397888
     9    12  2017       20.739237
    10    12  2017       19.413652
    11    12  2017       18.567825
    12    12  2017       17.948027
    13    12  2017       17.446087
    14    12  2017       17.680819
    15    12  2017       19.066162
    16    12  2017       18.085320
    17    12  2017       56.453812
    18    12  2017       41.159443
    19    12  2017       52.385994
    20    12  2017       44.914406
    21    12  2017       60.857330
    22    12  2017       78.605202
    23    12  2017       76.862778
    24    12  2017       62.839523
    25    12  2017       49.163712
    26    12  2017       40.480328
    27    12  2017       35.942951
    28    12  2017       44.255066
    29    12  2017       50.130684
    30    12  2017       61.196144
    31    12  2017       48.144211
     1     1  2018       62.219830
     2     1  2018       56.328487
     3     1  2018       46.614189
     4     1  2018       39.934414
     5     1  2018       35.175430
     6     1  2018       31.980011
     7     1  2018       29.665604
     8     1  2018       27.769287
     9     1  2018       28.149887
    10     1  2018       29.840401
    11     1  2018       27.836353
    12     1  2018       36.501373
    13     1  2018       31.205948
    14     1  2018       27.178661
    15     1  2018       25.295305
    16     1  2018       25.693172
    17     1  2018       31.829685
    18     1  2018       30.308996
    19     1  2018       37.279762
    20     1  2018       56.759022
    21     1  2018       48.950165
    22     1  2018       39.508671
    23     1  2018       36.285229
    24     1  2018       34.678413
    25     1  2018       55.050255
    26     1  2018       43.207062
    27     1  2018       34.847778
    28     1  2018       40.610088
    29     1  2018       39.938530
    30     1  2018       33.607960
    31     1  2018       29.574806
     1     2  2018       27.173920
     2     2  2018       25.537876
     3     2  2018       24.317598
     4     2  2018       23.348112
     5     2  2018       22.538559
     6     2  2018       21.836029
     7     2  2018       22.372761
     8     2  2018       24.791573
     9     2  2018       22.753471
    10     2  2018       21.258833
    11     2  2018       21.421257
    12     2  2018       21.494625
    13     2  2018       20.721699
    14     2  2018       19.744781
    15     2  2018       18.965843
    16     2  2018       18.392748
    17     2  2018       18.019991
    18     2  2018       19.352356
    19     2  2018       19.943150
    20     2  2018       18.531471
    21     2  2018       17.600801
    22     2  2018       16.935551
    23     2  2018       16.453522
    24     2  2018       16.065031
    25     2  2018       15.723028
    26     2  2018       15.410206
    27     2  2018       16.262894
    28     2  2018       16.079746
     1     3  2018       19.432365
     2     3  2018       26.734224
     3     3  2018       58.411026
     4     3  2018       42.310997
     5     3  2018       30.779346
     6     3  2018       38.765419
     7     3  2018       30.698820
     8     3  2018       25.265253
     9     3  2018       22.493334
    10     3  2018       31.863211
    11     3  2018       25.991428
    12     3  2018       22.116116
    13     3  2018       20.283318
    14     3  2018       25.368721
    15     3  2018       25.446692
    16     3  2018       22.357212
    17     3  2018       20.270929
    18     3  2018       19.826052
    19     3  2018       22.173517
    20     3  2018       25.079006
    21     3  2018       21.882256
    22     3  2018       20.816906
    23     3  2018       19.036257
    24     3  2018       18.809242
    25     3  2018       35.362411
    26     3  2018       33.260548
    27     3  2018       28.337067
    28     3  2018       53.575142
    29     3  2018       53.505104
    30     3  2018       61.614304
    31     3  2018       46.727829
     1     4  2018       43.045013
     2     4  2018       36.666634
     3     4  2018       31.572182
     4     4  2018       28.265804
     5     4  2018       26.042639
     6     4  2018       24.414623
     7     4  2018       23.157110
     8     4  2018       22.141346
     9     4  2018       21.289883
    10     4  2018       20.554283
    11     4  2018       19.903309
    12     4  2018       19.316263
    13     4  2018       18.780838
    14     4  2018       18.283922
    15     4  2018       17.819107
    16     4  2018       17.381643
    17     4  2018       16.967422
    18     4  2018       16.573524
    19     4  2018       16.197529
    20     4  2018       15.837442
    21     4  2018       15.491691
    22     4  2018       15.496795
    23     4  2018       14.986549
    24     4  2018       14.601321
    25     4  2018       14.280630
    26     4  2018       13.984001
    27     4  2018       13.701414
    28     4  2018       13.469341
    29     4  2018       13.203098
    30     4  2018       12.935079
     1     5  2018       12.680816
     2     5  2018       12.436440
     3     5  2018       12.199482
     4     5  2018       11.969156
     5     5  2018       11.744967
     6     5  2018       11.526433
     7     5  2018       11.366176
     8     5  2018       11.153986
     9     5  2018       11.013082
    10     5  2018       10.796906
    11     5  2018       10.582052
    12     5  2018       10.382347
    13     5  2018       10.189938
    14     5  2018       10.005208
    15     5  2018       13.692436
    16     5  2018       11.803014
    17     5  2018       10.678984
    18     5  2018       22.005669
    19     5  2018       18.927069
    20     5  2018       15.035175
    21     5  2018       12.946606
    22     5  2018       11.860279
    23     5  2018       11.251647
    24     5  2018       10.871745
    25     5  2018       10.611595
    26     5  2018       10.426188
    27     5  2018       10.263517
    28     5  2018       10.116947
    29     5  2018        9.981642
    30     5  2018        9.851181
    31     5  2018        9.722477
     1     6  2018        9.884949
     2     6  2018       14.111335
     3     6  2018       11.937580
     4     6  2018       12.352976
     5     6  2018       11.416321
     6     6  2018       10.560183
     7     6  2018       10.620306
     8     6  2018       10.090963
     9     6  2018        9.743373
    10     6  2018        9.538593
    11     6  2018       11.009799
    12     6  2018       53.427311
    13     6  2018       43.627083
    14     6  2018       38.616577
    15     6  2018       30.721857
    16     6  2018       28.717903
    17     6  2018       24.302771
    18     6  2018       21.075516
    19     6  2018       19.100433
    20     6  2018       17.726290
    21     6  2018       16.711845
    22     6  2018       15.926779
    23     6  2018       15.293796
    24     6  2018       14.764912
    25     6  2018       14.410730
    26     6  2018       29.122833
    27     6  2018       42.081013
    28     6  2018       31.515553
    29     6  2018       29.245266
    30     6  2018       28.831461
     1     7  2018       23.893440
     2     7  2018       20.806763
     3     7  2018       19.078348
     4     7  2018       17.918945
     5     7  2018       17.074474
     6     7  2018       16.422382
     7     7  2018       15.892960
     8     7  2018       15.445560
     9     7  2018       15.180690
    10     7  2018       14.811842
    11     7  2018       14.443905
    12     7  2018       14.120715
    13     7  2018       13.823545
    14     7  2018       13.544197
    15     7  2018       13.277925
    16     7  2018       13.021845
    17     7  2018       12.774117
    18     7  2018       12.533537
    19     7  2018       12.299268
    20     7  2018       12.070755
    21     7  2018       11.847557
    22     7  2018       11.629371
    23     7  2018       11.415937
    24     7  2018       11.207061
    25     7  2018       11.002585
    26     7  2018       10.802368
    27     7  2018       10.606293
    28     7  2018       10.414245
    29     7  2018       10.226126
    30     7  2018       10.041842
    31     7  2018        9.873401
     1     8  2018        9.696462
     2     8  2018        9.519667
     3     8  2018        9.599468
     4     8  2018        9.347427
     5     8  2018        9.123403
     6     8  2018        8.937116
     7     8  2018        8.768887
     8     8  2018       11.689573
     9     8  2018       10.642239
    10     8  2018        9.635779
    11     8  2018        9.081115
    12     8  2018        8.759749
    13     8  2018        8.536508
    14     8  2018        8.362156
    15     8  2018        8.213383
    16     8  2018        8.078342
    17     8  2018        7.950775
    18     8  2018        7.827332
    19     8  2018        7.706229
    20     8  2018        7.616708
    21     8  2018        9.559073
    22     8  2018       13.412445
    23     8  2018       11.711687
    24     8  2018       27.994793
    25     8  2018       22.489731
    26     8  2018       16.701715
    27     8  2018       13.753139
    28     8  2018       12.140722
    29     8  2018       11.161235
    30     8  2018       10.529272
    31     8  2018       10.994401
     1     9  2018       31.780268
     2     9  2018       70.887398
     3     9  2018       67.256721
     4     9  2018       49.774651
     5     9  2018       37.877197
     6     9  2018       30.901936
     7     9  2018       26.359755
     8     9  2018       23.240870
     9     9  2018       21.003973
    10     9  2018       19.335354
    11     9  2018       18.044437
    12     9  2018       17.011942
    13     9  2018       16.403639
    14     9  2018       17.223526
    15     9  2018       16.655308
    16     9  2018       16.048586
    17     9  2018       17.803185
    18     9  2018       15.878860
    19     9  2018       16.644878
    20     9  2018       24.435585
    21     9  2018       21.328350
    22     9  2018       17.761087
    23     9  2018       15.646516
    24     9  2018       21.025415
    25     9  2018       18.669636
    26     9  2018       21.106586
    27     9  2018       18.358173
    28     9  2018       16.057259
    29     9  2018       14.829350
    30     9  2018       14.819321
     1    10  2018       14.434772
     2    10  2018       54.752411
     3    10  2018       51.675156
     4    10  2018       40.647411
     5    10  2018       32.285767
     6    10  2018       43.074467
     7    10  2018       49.043594
     8    10  2018       38.450336
     9    10  2018       32.431744
    10    10  2018       28.229403
    11    10  2018       28.168060
    12    10  2018       24.870302
    13    10  2018       84.867706
    14    10  2018       88.884323
    15    10  2018       75.385262
    16    10  2018       59.566971
    17    10  2018       66.647842
    18    10  2018       93.053482
    19    10  2018       74.763428
    20    10  2018       58.195671
    21    10  2018       48.403744
    22    10  2018       41.886864
    23    10  2018       37.422455
    24    10  2018       52.406235
    25    10  2018       45.992752
    26    10  2018       60.484024
    27    10  2018       47.687191
    28    10  2018       38.870419
    29    10  2018       34.270699
    30    10  2018       31.254669
    31    10  2018       37.525066
     1    11  2018       32.941330
     2    11  2018       30.201300
     3    11  2018       42.981304
     4    11  2018       35.603142
     5    11  2018       30.053093
     6    11  2018       27.098528
     7    11  2018       25.256336
     8    11  2018       23.947315
     9    11  2018       22.934038
    10    11  2018       22.097284
    11    11  2018       21.372877
    12    11  2018       20.724558
    13    11  2018       20.130970
    14    11  2018       21.462387
    15    11  2018       20.532866
    16    11  2018       19.491493
    17    11  2018       18.723005
    18    11  2018       20.966534
    19    11  2018       19.941919
    20    11  2018       18.673777
    21    11  2018       17.767042
    22    11  2018       17.143829
    23    11  2018       16.653522
    24    11  2018       16.946228
    25    11  2018       16.433939
    26    11  2018       15.954765
    27    11  2018       15.502489
    28    11  2018       15.098632
    29    11  2018       15.032495
    30    11  2018       19.935207
     1    12  2018       18.385077
     2    12  2018       16.613144
     3    12  2018       15.409744
     4    12  2018       14.678862
     5    12  2018       14.177437
     6    12  2018       13.792318
     7    12  2018       13.470332
     8    12  2018       13.184299
     9    12  2018       12.919825
    10    12  2018       12.669090
    11    12  2018       12.430835
    12    12  2018       12.197443
    13    12  2018       12.140884
    14    12  2018       11.849293
    15    12  2018       15.739914
    16    12  2018       15.738531
    17    12  2018       13.493599
    18    12  2018       24.280556
    19    12  2018       19.522516
    20    12  2018       22.113390
    21    12  2018       25.166370
    22    12  2018       20.157169
    23    12  2018       16.757130
    24    12  2018       17.753845
    25    12  2018       16.180485
    26    12  2018       26.247673
    27    12  2018       21.959106
    28    12  2018       20.066257
    29    12  2018       16.984936
    30    12  2018       17.184883
    31    12  2018       15.420426
     1     1  2019       14.152737
     2     1  2019       13.537916
     3     1  2019       13.118257
     4     1  2019       16.562508
     5     1  2019       18.449106
     6     1  2019       17.621166
     7     1  2019       23.746597
     8     1  2019       21.439428
     9     1  2019       18.083893
    10     1  2019       16.216635
    11     1  2019       18.712519
    12     1  2019       23.598251
    13     1  2019       19.551861
    14     1  2019       28.730593
    15     1  2019       22.464512
    16     1  2019       18.162952
    17     1  2019       18.821163
    18     1  2019       19.194370
    19     1  2019       20.286524
    20     1  2019       19.650110
    21     1  2019       17.552639
    22     1  2019       17.860884
    23     1  2019       16.518227
    24     1  2019       18.329807
    25     1  2019       17.862862
    26     1  2019       16.307537
    27     1  2019       15.171835
    28     1  2019       14.409254
    29     1  2019       13.849253
    30     1  2019       13.440580
    31     1  2019       13.108502
     1     2  2019       12.826828
     2     2  2019       13.334538
     3     2  2019       12.859879
     4     2  2019       12.449050
     5     2  2019       16.350151
     6     2  2019       14.494315
     7     2  2019       13.357814
     8     2  2019       12.617629
     9     2  2019       12.119461
    10     2  2019       11.788343
    11     2  2019       13.489517
    12     2  2019       14.523461
    13     2  2019       13.121211
    14     2  2019       12.121508
    15     2  2019       33.988697
    16     2  2019       35.220921
    17     2  2019       68.673096
    18     2  2019       52.808933
    19     2  2019       38.487671
    20     2  2019       34.844200
    21     2  2019       46.090069
    22     2  2019       37.442398
    23     2  2019       29.588913
    24     2  2019       29.444000
    25     2  2019       68.123779
    26     2  2019       56.433121
    27     2  2019       42.976810
    28     2  2019       35.432610
     1     3  2019       30.542635
     2     3  2019       27.172731
     3     3  2019       24.796015
     4     3  2019       23.026270
     5     3  2019       21.804001
     6     3  2019       75.776230
     7     3  2019       77.017822
     8     3  2019       63.598480
     9     3  2019       53.351448
    10     3  2019       46.035633
    11     3  2019       38.894913
    12     3  2019       45.721889
    13     3  2019       58.076092
    14     3  2019       49.846802
    15     3  2019       40.521900
    16     3  2019       41.842350
    17     3  2019       36.446243
    18     3  2019       35.046265
    19     3  2019       31.026657
    20     3  2019       28.093464
    21     3  2019       26.216955
    22     3  2019       25.792173
    23     3  2019       24.209866
    24     3  2019       22.962364
    25     3  2019       22.027946
    26     3  2019       21.289791
    27     3  2019       20.655602
    28     3  2019       20.021515
    29     3  2019       19.429857
    30     3  2019       18.888090
    31     3  2019       18.383728
     1     4  2019       17.909525
     2     4  2019       17.544657
     3     4  2019       17.155067
     4     4  2019       16.762331
     5     4  2019       25.784988
     6     4  2019       28.398613
     7     4  2019       23.324606
     8     4  2019       26.963245
     9     4  2019       22.804203
    10     4  2019       20.118170
    11     4  2019       18.556347
    12     4  2019       17.548180
    13     4  2019       16.872271
    14     4  2019       16.369705
    15     4  2019       15.965559
    16     4  2019       25.534103
    17     4  2019       20.597691
    18     4  2019       17.755548
    19     4  2019       16.601116
    20     4  2019       17.267618
    21     4  2019       37.516560
    22     4  2019       29.138428
    23     4  2019       22.808117
    24     4  2019       19.832047
    25     4  2019       18.271013
    26     4  2019       17.960228
    27     4  2019       35.139648
    28     4  2019       51.324120
    29     4  2019       40.975708
    30     4  2019       31.956100
     1     5  2019       27.521776
     2     5  2019       24.711540
     3     5  2019       22.666660
     4     5  2019       21.467077
     5     5  2019       20.429785
     6     5  2019       19.684631
     7     5  2019       19.356857
     8     5  2019       18.715130
     9     5  2019       18.072922
    10     5  2019       21.219320
    11     5  2019       29.842167
    12     5  2019       24.460064
    13     5  2019       22.466127
    14     5  2019       20.350124
    15     5  2019       18.859726
    16     5  2019       17.960796
    17     5  2019       17.348808
    18     5  2019       16.878592
    19     5  2019       16.499636
    20     5  2019       16.166819
    21     5  2019       15.864775
    22     5  2019       15.584987
    23     5  2019       39.638680
    24     5  2019       34.794304
    25     5  2019       27.153145
    26     5  2019       22.870926
    27     5  2019       20.658148
    28     5  2019       81.885536
    29     5  2019       63.654060
    30     5  2019      180.552277
    31     5  2019      305.086151
     1     6  2019      210.450867
     2     6  2019      131.171143
     3     6  2019       92.998665
     4     6  2019       71.513374
     5     6  2019       58.217041
     6     6  2019       49.462803
     7     6  2019       43.392921
     8     6  2019       38.990456
     9     6  2019       35.668697
    10     6  2019       33.074162
    11     6  2019       30.985664
    12     6  2019       29.259958
    13     6  2019       27.801350
    14     6  2019       26.544159
    15     6  2019       25.442165
    16     6  2019       24.462173
    17     6  2019       23.579838
    18     6  2019       22.777031
    19     6  2019       22.040024
    20     6  2019       21.358253
    21     6  2019       20.723515
    22     6  2019       20.129314
    23     6  2019       19.570463
    24     6  2019       19.042789
    25     6  2019       18.542843
    26     6  2019       82.087914
    27     6  2019       60.811787
    28     6  2019       44.619736
    29     6  2019       36.607929
    30     6  2019       32.006508
     1     7  2019       34.478119
     2     7  2019       30.625359
     3     7  2019       27.527817
     4     7  2019       25.617558
     5     7  2019       24.227436
     6     7  2019       23.141565
     7     7  2019       22.249075
     8     7  2019       21.486847
     9     7  2019       20.816450
    10     7  2019       20.213352
    11     7  2019       19.661352
    12     7  2019       19.149424
    13     7  2019       18.669847
    14     7  2019       18.217081
    15     7  2019       19.043259
    16     7  2019       18.167536
    17     7  2019       17.449291
    18     7  2019       16.942772
    19     7  2019       16.519352
    20     7  2019       16.140537
    21     7  2019       15.789401
    22     7  2019       15.457354
    23     7  2019       15.139677
    24     7  2019       14.833594
    25     7  2019       14.537394
    26     7  2019       14.249954
    27     7  2019       13.970502
    28     7  2019       13.698483
    29     7  2019       13.433466
    30     7  2019       13.797687
    31     7  2019       13.266930
     1     8  2019       12.873158
     2     8  2019       12.581524
     3     8  2019       12.325192
     4     8  2019       12.086365
     5     8  2019       11.858256
     6     8  2019       11.637619
     7     8  2019       11.422836
     8     8  2019       11.213052
     9     8  2019       11.007784
    10     8  2019       10.850540
    11     8  2019       10.632406
    12     8  2019       10.428745
    13     8  2019       10.236653
    14     8  2019       10.050325
    15     8  2019        9.868399
    16     8  2019        9.690350
    17     8  2019        9.515903
    18     8  2019        9.369073
    19     8  2019       11.312433
    20     8  2019       10.374481
    21     8  2019        9.663510
    22     8  2019        9.835443
    23     8  2019        9.521621
    24     8  2019        9.171035
    25     8  2019        8.904372
    26     8  2019        8.709525
    27     8  2019        8.546134
    28     8  2019        8.399147
    29     8  2019        8.261090
    30     8  2019        8.244942
    31     8  2019       10.569394
     1     9  2019       15.657535
     2     9  2019       13.095389
     3     9  2019       10.912906
     4     9  2019        9.798650
     5     9  2019        9.202801
     6     9  2019        9.103081
     7     9  2019        8.829412
     8     9  2019        8.562207
     9     9  2019        8.372880
    10     9  2019        8.220132
    11     9  2019        8.087029
    12     9  2019        7.964427
    13     9  2019        7.847314
    14     9  2019        7.732908
    15     9  2019        7.619717
    16     9  2019        7.506998
    17     9  2019        7.394432
    18     9  2019        8.804793
    19     9  2019       19.763084
    20     9  2019       23.583702
    21     9  2019       18.111984
    22     9  2019       14.006487
    23     9  2019       11.983763
    24     9  2019       10.833547
    25     9  2019       10.124723
    26     9  2019        9.658215
    27     9  2019        9.329986
    28     9  2019        9.082697
    29     9  2019        8.883633
    30     9  2019        8.713638
     1    10  2019        8.561292
     2    10  2019        8.419640
     3    10  2019        8.300045
     4    10  2019        8.164493
     5    10  2019        8.172022
     6    10  2019       11.134953
     7    10  2019        9.896828
     8    10  2019        8.909653
     9    10  2019        8.425724
    10    10  2019        8.128241
    11    10  2019        7.916306
    12    10  2019        7.748046
    13    10  2019        7.704163
    14    10  2019        7.655682
    15    10  2019        7.886135
    16    10  2019        7.722970
    17    10  2019        7.706333
    18    10  2019       10.477231
    19    10  2019        9.247356
    20    10  2019        9.365999
    21    10  2019       13.721111
    22    10  2019       11.250413
    23    10  2019        9.416443
    24    10  2019        8.561487
    25    10  2019        8.098206
    26    10  2019        9.423737
    27    10  2019       23.367302
    28    10  2019       19.968496
    29    10  2019       14.645031
    30    10  2019       11.951748
    31    10  2019       10.597595
     1    11  2019        9.811661
     2    11  2019       13.544221
     3    11  2019       11.481810
     4    11  2019       12.627303
     5    11  2019       16.370436
     6    11  2019       13.269317
     7    11  2019       11.128212
     8    11  2019       10.153481
     9    11  2019       11.095995
    10    11  2019       16.109854
    11    11  2019       14.046799
    12    11  2019       11.887971
    13    11  2019       19.638626
    14    11  2019       21.948608
    15    11  2019       16.824625
    16    11  2019       13.580164
    17    11  2019       12.033489
    18    11  2019       11.142633
    19    11  2019       10.579458
    20    11  2019       10.191750
    21    11  2019        9.901587
    22    11  2019        9.667166
    23    11  2019        9.509901
    24    11  2019        9.308886
    25    11  2019        9.127014
    26    11  2019       12.532646
    27    11  2019       30.283785
    28    11  2019       22.779655
    29    11  2019       16.738455
    30    11  2019       13.976900
     1    12  2019       12.735935
     2    12  2019       11.806473
     3    12  2019       11.126568
     4    12  2019       12.921782
     5    12  2019       15.946314
     6    12  2019       13.317395
     7    12  2019       11.654806
     8    12  2019       11.034308
     9    12  2019       16.777267
    10    12  2019       14.160475
    11    12  2019       12.225757
    12    12  2019       11.224015
    13    12  2019       10.635021
    14    12  2019       10.249952
    15    12  2019       14.976213
    16    12  2019       23.175804
    17    12  2019       28.112720
    18    12  2019       26.024193
    19    12  2019       19.306026
    20    12  2019       34.685074
    21    12  2019       26.793846
    22    12  2019       20.334068
    23    12  2019       17.200579
    24    12  2019       15.398942
    25    12  2019       14.245125
    26    12  2019       13.451927
    27    12  2019       12.868660
    28    12  2019       12.412046
    29    12  2019       12.034639
    30    12  2019       11.961584
    31    12  2019       11.972754
     1     1  2020       11.875947
     2     1  2020       13.864202
     3     1  2020       12.798515
     4     1  2020       12.214815
     5     1  2020       12.180389
     6     1  2020       11.404228
     7     1  2020       10.887270
     8     1  2020       10.603518
     9     1  2020       10.512817
    10     1  2020       10.861072
    11     1  2020       26.280315
    12     1  2020       42.223949
    13     1  2020       29.323011
    14     1  2020       21.141861
    15     1  2020       17.555372
    16     1  2020       24.316750
    17     1  2020       19.546642
    18     1  2020       16.202356
    19     1  2020       14.628241
    20     1  2020       13.667418
    21     1  2020       13.009841
    22     1  2020       12.610009
    23     1  2020       13.184305
    24     1  2020       12.330235
    25     1  2020       11.762979
    26     1  2020       11.406007
    27     1  2020       11.121552
    28     1  2020       22.123383
    29     1  2020       17.877272
    30     1  2020       25.283258
    31     1  2020       19.604893
     1     2  2020       15.597157
     2     2  2020       23.797380
     3     2  2020       18.927589
     4     2  2020       15.421663
     5     2  2020       13.877733
     6     2  2020       13.324090
     7     2  2020       12.663384
     8     2  2020       12.188094
     9     2  2020       12.397242
    10     2  2020       11.958897
    11     2  2020       11.560865
    12     2  2020       11.277939
    13     2  2020       11.039530
    14     2  2020       10.824896
    15     2  2020       10.624246
    16     2  2020       10.432459
    17     2  2020       10.246746
    18     2  2020       10.100464
    19     2  2020        9.935671
    20     2  2020        9.755348
    21     2  2020        9.579595
    22     2  2020        9.407989
    23     2  2020        9.240051
    24     2  2020       14.083433
    25     2  2020       24.779564
    26     2  2020       66.331558
    27     2  2020       52.722000
    28     2  2020       37.761524
    29     2  2020       29.963776
     1     3  2020       25.070345
     2     3  2020       21.812378
     3     3  2020       19.602758
     4     3  2020       17.921322
     5     3  2020       16.619722
     6     3  2020       15.607623
     7     3  2020       15.026127
     8     3  2020       14.341531
     9     3  2020       13.696823
    10     3  2020       13.165264
    11     3  2020       12.705860
    12     3  2020       12.299621
    13     3  2020       11.933670
    14     3  2020       11.599079
    15     3  2020       11.290061
    16     3  2020       11.001257
    17     3  2020       10.766603
    18     3  2020       23.281126
    19     3  2020       17.857697
    20     3  2020       14.096154
    21     3  2020       12.537319
    22     3  2020       11.691531
    23     3  2020       11.168502
    24     3  2020       10.807261
    25     3  2020       10.531513
    26     3  2020       10.302517
    27     3  2020       10.099812
    28     3  2020        9.912329
    29     3  2020       10.370231
    30     3  2020       10.016714
    31     3  2020        9.678807
     1     4  2020       13.629647
     2     4  2020       11.412656
     3     4  2020       10.146729
     4     4  2020        9.617033
     5     4  2020        9.311678
     6     4  2020       15.055475
     7     4  2020       12.434031
     8     4  2020       10.646975
     9     4  2020        9.905020
    10     4  2020        9.494649
    11     4  2020        9.230333
    12     4  2020        9.036545
    13     4  2020       11.972959
    14     4  2020       14.095978
    15     4  2020       11.825233
    16     4  2020       10.384648
    17     4  2020        9.727160
    18     4  2020        9.346886
    19     4  2020        9.096052
    20     4  2020        8.910116
    21     4  2020        8.757557
    22     4  2020        8.622154
    23     4  2020        8.495356
    24     4  2020        8.372620
    25     4  2020        8.251576
    26     4  2020        8.131052
    27     4  2020        8.010523
    28     4  2020        7.889841
    29     4  2020        7.769082
    30     4  2020        7.649347
     1     5  2020        7.537310
     2     5  2020        7.419026
     3     5  2020        7.298118
     4     5  2020        7.178910
     5     5  2020        7.670691
     6     5  2020        8.068318
     7     5  2020        7.481835
     8     5  2020        7.121881
     9     5  2020        6.926529
    10     5  2020        6.785843
    11     5  2020        6.669142
    12     5  2020        6.619198
    13     5  2020       15.972792
    14     5  2020       11.830401
    15     5  2020        9.128644
    16     5  2020        8.107615
    17     5  2020        7.606014
    18     5  2020        7.329600
    19     5  2020        7.160286
    20     5  2020        7.043502
    21     5  2020        6.952248
    22     5  2020       71.393723
    23     5  2020       53.591866
    24     5  2020       36.506767
    25     5  2020       28.601856
    26     5  2020       23.771702
    27     5  2020       20.607834
    28     5  2020       18.416704
    29     5  2020       16.827526
    30     5  2020       15.627800
    31     5  2020       14.688839
     1     6  2020       14.880219
     2     6  2020       14.128327
     3     6  2020       13.282057
     4     6  2020       21.955158
     5     6  2020       43.930111
     6     6  2020       32.398762
     7     6  2020       23.996058
     8     6  2020       20.228302
     9     6  2020       61.668530
    10     6  2020      146.357864
    11     6  2020      142.205627
    12     6  2020       97.052979
    13     6  2020       74.896523
    14     6  2020       57.828201
    15     6  2020       46.593338
    16     6  2020       39.363483
    17     6  2020       34.332764
    18     6  2020       30.668997
    19     6  2020       27.900953
    20     6  2020       25.742575
    21     6  2020       24.012360
    22     6  2020       22.591187
    23     6  2020       21.398569
    24     6  2020       20.378700
    25     6  2020       24.004379
    26     6  2020       24.608307
    27     6  2020       24.142303
    28     6  2020       21.281914
    29     6  2020       19.405622
    30     6  2020       33.864552
     1     7  2020       26.856707
     2     7  2020       22.022190
     3     7  2020       19.858574
     4     7  2020       18.580484
     5     7  2020       17.726019
     6     7  2020       21.843416
     7     7  2020       19.860996
     8     7  2020       24.567841
     9     7  2020       20.976177
    10     7  2020       18.542633
    11     7  2020       17.382980
    12     7  2020       16.653236
    13     7  2020       17.389894
    14     7  2020       16.474487
    15     7  2020       15.790091
    16     7  2020       15.355442
    17     7  2020       15.021086
    18     7  2020       14.725538
    19     7  2020       14.450980
    20     7  2020       14.192169
    21     7  2020       13.943447
    22     7  2020       13.701675
    23     7  2020       13.465099
    24     7  2020       13.232736
    25     7  2020       13.004045
    26     7  2020       12.778762
    27     7  2020       12.556765
    28     7  2020       16.655262
    29     7  2020       14.630852
    30     7  2020       13.324655
    31     7  2020       12.703456
     1     8  2020       12.311154
     2     8  2020       12.021306
     3     8  2020       11.782292
     4     8  2020       11.570158
     5     8  2020       11.372873
     6     8  2020       11.184141
     7     8  2020       11.000610
     8     8  2020       10.820509
     9     8  2020       10.642921
    10     8  2020       10.467407
    11     8  2020       10.293792
    12     8  2020       21.634459
    13     8  2020       23.786461
    14     8  2020       18.558020
    15     8  2020       68.172203
    16     8  2020       53.391319
    17     8  2020       51.573189
    18     8  2020       91.069389
    19     8  2020      101.908905
    20     8  2020       74.298752
    21     8  2020       54.968449
    22     8  2020       44.307278
    23     8  2020       37.496059
    24     8  2020       32.842255
    25     8  2020       29.494261
    26     8  2020       26.977558
    27     8  2020       25.011614
    28     8  2020       23.424055
    29     8  2020       22.105459
    30     8  2020       20.984219
    31     8  2020       20.012035
     1     9  2020       19.155416
     2     9  2020       18.390301
     3     9  2020       17.746115
     4     9  2020       17.116463
     5     9  2020       16.523809
     6     9  2020       15.981901
     7     9  2020       15.480804
     8     9  2020       15.016329
     9     9  2020       14.578887
    10     9  2020       14.167574
    11     9  2020       13.779811
    12     9  2020       13.412818
    13     9  2020       13.064463
    14     9  2020       12.732956
    15     9  2020       12.416792
    16     9  2020       12.295929
    17     9  2020       16.312832
    18     9  2020       14.238072
    19     9  2020       12.831152
    20     9  2020       12.132844
    21     9  2020       11.679361
    22     9  2020       11.341920
    23     9  2020       11.065586
    24     9  2020       10.823753
    25     9  2020       10.602577
    26     9  2020       10.394540
    27     9  2020       18.605219
    28     9  2020       27.651430
    29     9  2020       20.336678
    30     9  2020       15.646515
     1    10  2020       13.651081
     2    10  2020       12.564158
     3    10  2020       27.606730
     4    10  2020       20.455063
     5    10  2020       15.792537
     6    10  2020       13.911491
     7    10  2020       13.324589
     8    10  2020       25.613695
     9    10  2020       29.319452
    10    10  2020       22.222570
    11    10  2020       17.843908
    12    10  2020       15.729410
    13    10  2020       14.483767
    14    10  2020       14.476685
    15    10  2020       13.691282
    16    10  2020       13.034995
    17    10  2020       12.589376
    18    10  2020       12.246103
    19    10  2020       11.959311
    20    10  2020       11.707730
    21    10  2020       11.474887
    22    10  2020       11.254922
    23    10  2020       11.044567
    24    10  2020       10.912276
    25    10  2020       10.721903
    26    10  2020       10.512690
    27    10  2020       10.313314
    28    10  2020       10.120655
    29    10  2020       13.163032
    30    10  2020       12.308684
    31    10  2020       11.053918
     1    11  2020       10.388618
     2    11  2020       10.006070
     3    11  2020        9.760312
     4    11  2020        9.551625
     5    11  2020        9.360388
     6    11  2020        9.186016
     7    11  2020        9.021307
     8    11  2020        8.862564
     9    11  2020        9.719698
    10    11  2020        9.162757
    11    11  2020       17.548340
    12    11  2020       33.949310
    13    11  2020       22.970243
    14    11  2020       16.254875
    15    11  2020       19.115788
    16    11  2020       17.175100
    17    11  2020       14.505804
    18    11  2020       19.452522
    19    11  2020       16.915092
    20    11  2020       14.391014
    21    11  2020       13.603138
    22    11  2020       12.478463
    23    11  2020       11.646462
    24    11  2020       11.114925
    25    11  2020       10.733201
    26    11  2020       10.435995
    27    11  2020       20.146378
    28    11  2020       34.322170
    29    11  2020       31.295944
    30    11  2020       35.732864
     1    12  2020       30.799866
     2    12  2020       27.883539
     3    12  2020       80.315147
     4    12  2020      100.045441
     5    12  2020      227.025360
     6    12  2020      159.813980
     7    12  2020       97.418930
     8    12  2020       68.338112
     9    12  2020       51.941612
    10    12  2020       41.974365
    11    12  2020       57.437592
    12    12  2020       72.940430
    13    12  2020       54.036095
    14    12  2020       40.969238
    15    12  2020       34.389740
    16    12  2020       38.183769
    17    12  2020       31.823172
    18    12  2020       27.531450
    19    12  2020       48.405670
    20    12  2020       63.173233
    21    12  2020       48.512428
    22    12  2020       37.564880
    23    12  2020       31.912979
    24    12  2020       28.396173
    25    12  2020       25.977222
    26    12  2020       24.204226
    27    12  2020       22.828606
    28    12  2020       23.476467
    29    12  2020       26.158451
    30    12  2020       23.786190
    31    12  2020       21.530750
