     1     1  2017       18.282404
     2     1  2017       19.238714
     3     1  2017       27.485085
     4     1  2017       26.425928
     5     1  2017       37.265949
     6     1  2017       47.694141
     7     1  2017       45.644405
     8     1  2017       38.976856
     9     1  2017       34.556839
    10     1  2017       29.926996
    11     1  2017       28.112326
    12     1  2017       27.177816
    13     1  2017       24.366302
    14     1  2017       22.803295
    15     1  2017       21.665400
    16     1  2017       20.717613
    17     1  2017       19.924309
    18     1  2017       19.159502
    19     1  2017       18.483177
    20     1  2017       29.201424
    21     1  2017       28.563885
    22     1  2017       32.426315
    23     1  2017       27.415087
    24     1  2017       24.837706
    25     1  2017       26.543564
    26     1  2017       28.489653
    27     1  2017       24.007172
    28     1  2017       25.804260
    29     1  2017       24.042004
    30     1  2017       27.938772
    31     1  2017       50.593494
     1     2  2017       40.724411
     2     2  2017       34.264576
     3     2  2017       33.191833
     4     2  2017       30.829405
     5     2  2017       28.563885
     6     2  2017       26.055872
     7     2  2017       24.397686
     8     2  2017       39.204865
     9     2  2017       35.693256
    10     2  2017       30.009987
    11     2  2017       72.130455
    12     2  2017       78.711304
    13     2  2017       92.705673
    14     2  2017      104.895325
    15     2  2017       96.992104
    16     2  2017       88.499794
    17     2  2017       81.032310
    18     2  2017       73.120415
    19     2  2017       65.767433
    20     2  2017       59.051643
    21     2  2017       53.213585
    22     2  2017       47.992950
    23     2  2017       53.921959
    24     2  2017       53.778366
    25     2  2017       62.703167
    26     2  2017       52.995094
    27     2  2017       48.953384
    28     2  2017       45.453205
     1     3  2017       50.506962
     2     3  2017       56.533695
     3     3  2017       51.870510
     4     3  2017       52.552086
     5     3  2017       59.792622
     6     3  2017       53.528175
     7     3  2017       46.828281
     8     3  2017       43.156723
     9     3  2017       40.187893
    10     3  2017       42.809551
    11     3  2017       38.193928
    12     3  2017       46.347557
    13     3  2017       44.324554
    14     3  2017       37.900505
    15     3  2017       43.228653
    16     3  2017       59.134087
    17     3  2017       54.573280
    18     3  2017       47.319328
    19     3  2017       42.239769
    20     3  2017       39.038719
    21     3  2017       36.190098
    22     3  2017       33.530514
    23     3  2017       31.201235
    24     3  2017       28.885590
    25     3  2017       26.816919
    26     3  2017       24.970295
    27     3  2017       23.307606
    28     3  2017       21.818447
    29     3  2017       20.485168
    30     3  2017       19.292753
    31     3  2017       18.225698
     1     4  2017       17.278669
     2     4  2017       16.444307
     3     4  2017       15.714328
     4     4  2017       18.852816
     5     4  2017       35.965523
     6     4  2017       33.663464
     7     4  2017       25.404385
     8     4  2017       20.950346
     9     4  2017       19.089092
    10     4  2017       19.076599
    11     4  2017       38.191658
    12     4  2017       28.983465
    13     4  2017       22.694603
    14     4  2017       21.375208
    15     4  2017       20.140400
    16     4  2017       21.038977
    17     4  2017       19.314510
    18     4  2017       18.040218
    19     4  2017       17.227436
    20     4  2017       27.224792
    21     4  2017       26.120882
    22     4  2017       22.417366
    23     4  2017       19.352770
    24     4  2017       18.025539
    25     4  2017       17.109365
    26     4  2017       42.290333
    27     4  2017       37.329769
    28     4  2017       26.665474
    29     4  2017       23.693977
    30     4  2017       22.128447
     1     5  2017       20.950136
     2     5  2017       21.176462
     3     5  2017       20.006582
     4     5  2017       28.622953
     5     5  2017       26.529362
     6     5  2017       22.727398
     7     5  2017       20.557724
     8     5  2017       19.405493
     9     5  2017       18.522179
    10     5  2017       17.745407
    11     5  2017       17.029957
    12     5  2017       16.362328
    13     5  2017       27.032135
    14     5  2017       25.600555
    15     5  2017       20.903212
    16     5  2017       18.557407
    17     5  2017       17.455341
    18     5  2017       82.579750
    19     5  2017      130.635376
    20     5  2017      118.258827
    21     5  2017      102.093498
    22     5  2017       92.580162
    23     5  2017       87.522888
    24     5  2017       80.923813
    25     5  2017       73.796638
    26     5  2017       81.655426
    27     5  2017       92.664101
    28     5  2017      114.163582
    29     5  2017      112.232620
    30     5  2017      116.830482
    31     5  2017      179.992859
     1     6  2017      188.987762
     2     6  2017      166.873688
     3     6  2017      148.600906
     4     6  2017      162.733139
     5     6  2017      168.867996
     6     6  2017      165.251480
     7     6  2017      154.456253
     8     6  2017      161.848251
     9     6  2017      155.232330
    10     6  2017      138.900742
    11     6  2017      124.011772
    12     6  2017      111.403168
    13     6  2017      100.095703
    14     6  2017       90.059219
    15     6  2017       81.245514
    16     6  2017       73.554916
    17     6  2017       66.862335
    18     6  2017       61.038975
    19     6  2017       61.003437
    20     6  2017       56.291420
    21     6  2017       50.802738
    22     6  2017       47.015404
    23     6  2017       43.844234
    24     6  2017       41.047115
    25     6  2017       38.535320
    26     6  2017       36.266068
    27     6  2017       34.210178
    28     6  2017       32.343586
    29     6  2017       30.645447
    30     6  2017       29.097370
     1     7  2017       27.679182
     2     7  2017       26.382553
     3     7  2017       25.189404
     4     7  2017       24.090881
     5     7  2017       23.077908
     6     7  2017       22.142029
     7     7  2017       21.275450
     8     7  2017       20.471617
     9     7  2017       19.724659
    10     7  2017       19.030193
    11     7  2017       18.383038
    12     7  2017       17.777834
    13     7  2017       17.211924
    14     7  2017       16.681755
    15     7  2017       16.184320
    16     7  2017       15.716945
    17     7  2017       17.181686
    18     7  2017       16.712347
    19     7  2017       15.531191
    20     7  2017       14.770587
    21     7  2017       14.275589
    22     7  2017       13.873205
    23     7  2017       13.517718
    24     7  2017       13.191852
    25     7  2017       12.887874
    26     7  2017       12.601724
    27     7  2017       12.330961
    28     7  2017       12.074020
    29     7  2017       11.829755
    30     7  2017       11.597215
    31     7  2017       11.375599
     1     8  2017       11.165932
     2     8  2017       20.877861
     3     8  2017       24.365934
     4     8  2017       19.444094
     5     8  2017       15.041569
     6     8  2017       13.462246
     7     8  2017       12.634816
     8     8  2017       12.803966
     9     8  2017       12.754899
    10     8  2017       11.903873
    11     8  2017       11.446935
    12     8  2017       11.116082
    13     8  2017       35.576157
    14     8  2017       30.950016
    15     8  2017       20.664532
    16     8  2017       16.785105
    17     8  2017       15.225087
    18     8  2017       14.347707
    19     8  2017       25.348007
    20     8  2017       58.376831
    21     8  2017       47.273090
    22     8  2017       32.593727
    23     8  2017       28.676941
    24     8  2017       26.816036
    25     8  2017       25.511518
    26     8  2017       24.378391
    27     8  2017       23.313263
    28     8  2017       22.292166
    29     8  2017       21.313475
    30     8  2017       20.379971
    31     8  2017       19.493839
     1     9  2017       18.657080
     2     9  2017       17.845818
     3     9  2017       17.076071
     4     9  2017       16.344719
     5     9  2017       15.655560
     6     9  2017       15.009535
     7     9  2017       14.406052
     8     9  2017       13.843699
     9     9  2017       13.320651
    10     9  2017       12.834373
    11     9  2017       12.382345
    12     9  2017       11.962262
    13     9  2017       11.571939
    14     9  2017       11.209222
    15     9  2017       10.871964
    16     9  2017       10.558577
    17     9  2017       10.267295
    18     9  2017        9.996622
    19     9  2017        9.744748
    20     9  2017        9.508620
    21     9  2017        9.288480
    22     9  2017        9.082726
    23     9  2017        9.965013
    24     9  2017       10.470960
    25     9  2017        9.413657
    26     9  2017        8.929897
    27     9  2017        9.312331
    28     9  2017       12.177638
    29     9  2017       37.438911
    30     9  2017       30.976789
     1    10  2017       32.005501
     2    10  2017       27.209101
     3    10  2017       20.210579
     4    10  2017       16.167166
     5    10  2017       14.495103
     6    10  2017       43.967278
     7    10  2017       45.434681
     8    10  2017       46.485313
     9    10  2017       83.881554
    10    10  2017      130.629730
    11    10  2017      125.485733
    12    10  2017      121.664772
    13    10  2017      146.942139
    14    10  2017      146.050735
    15    10  2017      125.255836
    16    10  2017      110.484970
    17    10  2017       97.790871
    18    10  2017       86.604790
    19    10  2017       86.897865
    20    10  2017       77.378670
    21    10  2017      157.185120
    22    10  2017      161.658844
    23    10  2017      133.853745
    24    10  2017      119.404854
    25    10  2017      144.470993
    26    10  2017      137.608109
    27    10  2017      129.728958
    28    10  2017      117.908829
    29    10  2017      204.284348
    30    10  2017      212.385956
    31    10  2017      179.790833
     1    11  2017      156.257568
     2    11  2017      137.123062
     3    11  2017      145.555603
     4    11  2017      176.274033
     5    11  2017      161.115234
     6    11  2017      137.747650
     7    11  2017      121.762039
     8    11  2017      108.214005
     9    11  2017       96.189705
    10    11  2017      108.023476
    11    11  2017       97.876762
    12    11  2017       84.085510
    13    11  2017       74.793533
    14    11  2017       67.475098
    15    11  2017       61.102615
    16    11  2017       64.021034
    17    11  2017       68.964394
    18    11  2017       99.785767
    19    11  2017       92.738983
    20    11  2017       75.047859
    21    11  2017      136.783463
    22    11  2017      130.969330
    23    11  2017      108.885384
    24    11  2017       98.236618
    25    11  2017      104.792648
    26    11  2017       98.701607
    27    11  2017       86.308701
    28    11  2017       77.234261
    29    11  2017       69.843597
    30    11  2017       70.016716
     1    12  2017       63.567421
     2    12  2017       56.456333
     3    12  2017       51.321533
     4    12  2017       52.111076
     5    12  2017       46.539299
     6    12  2017       67.561234
     7    12  2017       58.331707
     8    12  2017       48.840496
     9    12  2017       43.358559
    10    12  2017       39.709419
    11    12  2017       36.624634
    12    12  2017       33.855667
    13    12  2017       31.340385
    14    12  2017       29.058962
    15    12  2017       29.247345
    16    12  2017       28.507269
    17    12  2017       28.357891
    18    12  2017       33.877548
    19    12  2017       27.448730
    20    12  2017       27.236916
    21    12  2017       29.867592
    22    12  2017       29.796120
    23    12  2017       41.835506
    24    12  2017       49.750488
    25    12  2017       38.859413
    26    12  2017       32.885166
    27    12  2017       29.019316
    28    12  2017       46.481632
    29    12  2017       72.138252
    30    12  2017       79.770363
    31    12  2017       64.551132
     1     1  2018       66.048851
     2     1  2018       66.113045
     3     1  2018       61.008102
     4     1  2018       55.198280
     5     1  2018       50.323082
     6     1  2018       46.276245
     7     1  2018       42.552086
     8     1  2018       39.557274
     9     1  2018       36.714520
    10     1  2018       38.187664
    11     1  2018       39.633919
    12     1  2018       56.807247
    13     1  2018       62.537804
    14     1  2018       63.778454
    15     1  2018       57.420063
    16     1  2018       61.123394
    17     1  2018       65.549667
    18     1  2018       71.211365
    19     1  2018       64.361969
    20     1  2018       59.092720
    21     1  2018       65.851173
    22     1  2018       62.936424
    23     1  2018       65.374008
    24     1  2018       75.202164
    25     1  2018       69.337204
    26     1  2018       59.816776
    27     1  2018       54.404541
    28     1  2018       55.965763
    29     1  2018       61.151089
    30     1  2018       55.398006
    31     1  2018       48.334282
     1     2  2018       43.945904
     2     2  2018       40.323166
     3     2  2018       37.123112
     4     2  2018       34.241287
     5     2  2018       31.638489
     6     2  2018       29.291473
     7     2  2018       30.057257
     8     2  2018       30.741657
     9     2  2018       29.678875
    10     2  2018       28.363735
    11     2  2018       29.704744
    12     2  2018       27.793646
    13     2  2018       24.455332
    14     2  2018       22.020456
    15     2  2018       20.494120
    16     2  2018       19.285194
    17     2  2018       18.239721
    18     2  2018       18.749567
    19     2  2018       20.961733
    20     2  2018       19.000763
    21     2  2018       17.807335
    22     2  2018       16.619993
    23     2  2018       15.151929
    24     2  2018       14.303339
    25     2  2018       13.647138
    26     2  2018       14.281944
    27     2  2018       16.414316
    28     2  2018       18.196898
     1     3  2018       22.315928
     2     3  2018       25.157627
     3     3  2018       23.773039
     4     3  2018       20.972708
     5     3  2018       16.802700
     6     3  2018       19.041252
     7     3  2018       18.604774
     8     3  2018       15.211643
     9     3  2018       13.835423
    10     3  2018       15.412704
    11     3  2018       14.526634
    12     3  2018       13.049746
    13     3  2018       12.177629
    14     3  2018       25.071907
    15     3  2018       40.162479
    16     3  2018       29.877962
    17     3  2018       42.132103
    18     3  2018       30.553356
    19     3  2018       28.595606
    20     3  2018       32.327568
    21     3  2018       30.554588
    22     3  2018       26.511456
    23     3  2018       27.642529
    24     3  2018       34.211708
    25     3  2018       54.859734
    26     3  2018       50.250278
    27     3  2018       43.768066
    28     3  2018       49.311813
    29     3  2018       49.104492
    30     3  2018       46.386948
    31     3  2018       57.404289
     1     4  2018       54.480122
     2     4  2018       49.790398
     3     4  2018       45.503571
     4     4  2018       42.146534
     5     4  2018       39.401829
     6     4  2018       36.724869
     7     4  2018       34.249226
     8     4  2018       31.949972
     9     4  2018       29.825684
    10     4  2018       27.874229
    11     4  2018       26.089031
    12     4  2018       24.460081
    13     4  2018       23.001921
    14     4  2018       21.971169
    15     4  2018       34.295654
    16     4  2018       30.155676
    17     4  2018       24.970810
    18     4  2018       22.351988
    19     4  2018       20.875483
    20     4  2018       19.726387
    21     4  2018       18.727285
    22     4  2018       19.625164
    23     4  2018       18.107298
    24     4  2018       16.839689
    25     4  2018       16.003756
    26     4  2018       15.299818
    27     4  2018       14.666063
    28     4  2018       14.073985
    29     4  2018       13.529943
    30     4  2018       13.027669
     1     5  2018       12.566328
     2     5  2018       12.156647
     3     5  2018       11.774864
     4     5  2018       11.420643
     5     5  2018       11.096918
     6     5  2018       10.798475
     7     5  2018       10.732517
     8     5  2018       10.484914
     9     5  2018       10.137149
    10     5  2018        9.875117
    11     5  2018        9.658416
    12     5  2018        9.461722
    13     5  2018        9.265866
    14     5  2018        9.082907
    15     5  2018       15.691080
    16     5  2018       16.218571
    17     5  2018       12.713671
    18     5  2018       29.450832
    19     5  2018       30.348675
    20     5  2018       21.113327
    21     5  2018       15.974171
    22     5  2018       14.026859
    23     5  2018       13.017673
    24     5  2018       12.368713
    25     5  2018       11.886416
    26     5  2018       11.493516
    27     5  2018       11.154991
    28     5  2018       10.853095
    29     5  2018       10.578104
    30     5  2018       10.324181
    31     5  2018       10.087537
     1     6  2018       13.344584
     2     6  2018       16.017780
     3     6  2018       13.733262
     4     6  2018       14.113317
     5     6  2018       14.112967
     6     6  2018       12.238075
     7     6  2018       11.065337
     8     6  2018       10.509417
     9     6  2018       10.162561
    10     6  2018        9.901175
    11     6  2018       13.528897
    12     6  2018       28.797794
    13     6  2018       28.069498
    14     6  2018       20.403418
    15     6  2018       16.878874
    16     6  2018       15.351377
    17     6  2018       14.437496
    18     6  2018       13.667622
    19     6  2018       13.161082
    20     6  2018       12.753917
    21     6  2018       12.397234
    22     6  2018       12.071115
    23     6  2018       11.766562
    24     6  2018       12.543030
    25     6  2018       21.595049
    26     6  2018       37.591537
    27     6  2018       56.297493
    28     6  2018       49.590172
    29     6  2018       46.057880
    30     6  2018       41.920700
     1     7  2018       37.686649
     2     7  2018       35.175217
     3     7  2018       33.568008
     4     7  2018       32.084114
     5     7  2018       30.610832
     6     7  2018       29.150080
     7     7  2018       27.724686
     8     7  2018       26.361195
     9     7  2018       25.397345
    10     7  2018       24.154043
    11     7  2018       22.899845
    12     7  2018       21.796871
    13     7  2018       20.780916
    14     7  2018       19.837875
    15     7  2018       18.960913
    16     7  2018       18.145235
    17     7  2018       17.386877
    18     7  2018       16.680889
    19     7  2018       16.023108
    20     7  2018       16.669992
    21     7  2018       16.836903
    22     7  2018       15.785513
    23     7  2018       14.664587
    24     7  2018       16.085596
    25     7  2018       14.836259
    26     7  2018       13.831365
    27     7  2018       13.163962
    28     7  2018       12.692991
    29     7  2018       12.379918
    30     7  2018       12.043099
    31     7  2018       11.636355
     1     8  2018       11.298594
     2     8  2018       10.981816
     3     8  2018       13.445710
     4     8  2018       12.777946
     5     8  2018       11.261055
     6     8  2018       10.624473
     7     8  2018       10.223814
     8     8  2018       16.436457
     9     8  2018       17.770737
    10     8  2018       14.447904
    11     8  2018       12.226669
    12     8  2018       11.177047
    13     8  2018       10.573830
    14     8  2018       10.148353
    15     8  2018        9.810976
    16     8  2018        9.525280
    17     8  2018        9.272719
    18     8  2018        9.044014
    19     8  2018        8.833925
    20     8  2018        9.015676
    21     8  2018       18.689932
    22     8  2018       21.428589
    23     8  2018       16.871250
    24     8  2018       34.750336
    25     8  2018       38.407310
    26     8  2018       26.632477
    27     8  2018       20.809057
    28     8  2018       18.487219
    29     8  2018       17.176628
    30     8  2018       16.253670
    31     8  2018       16.481842
     1     9  2018       50.583195
     2     9  2018       89.301758
     3     9  2018       82.585487
     4     9  2018       68.926376
     5     9  2018       61.412132
     6     9  2018       57.089569
     7     9  2018       53.242237
     8     9  2018       49.427452
     9     9  2018       45.698006
    10     9  2018       42.147614
    11     9  2018       38.837059
    12     9  2018       35.795673
    13     9  2018       34.144577
    14     9  2018       40.135334
    15     9  2018       38.863850
    16     9  2018       34.857273
    17     9  2018       35.474152
    18     9  2018       34.201336
    19     9  2018       35.008549
    20     9  2018       38.110794
    21     9  2018       32.645176
    22     9  2018       28.754465
    23     9  2018       26.853973
    24     9  2018       33.724899
    25     9  2018       34.804459
    26     9  2018       41.402279
    27     9  2018       39.403034
    28     9  2018       33.228165
    29     9  2018       29.949064
    30     9  2018       34.416111
     1    10  2018       40.506908
     2    10  2018       81.684601
     3    10  2018       96.297386
     4    10  2018      100.314148
     5    10  2018       87.149590
     6    10  2018       91.118996
     7    10  2018       98.931709
     8    10  2018       92.408646
     9    10  2018       83.335251
    10    10  2018       78.604980
    11    10  2018       72.449005
    12    10  2018       65.122192
    13    10  2018      114.620277
    14    10  2018      132.639099
    15    10  2018      143.633636
    16    10  2018      132.329010
    17    10  2018      133.939011
    18    10  2018      168.527969
    19    10  2018      181.481735
    20    10  2018      161.017181
    21    10  2018      141.079422
    22    10  2018      124.726212
    23    10  2018      110.233170
    24    10  2018      117.840210
    25    10  2018      109.867752
    26    10  2018      110.694954
    27    10  2018       99.482368
    28    10  2018       86.720230
    29    10  2018       78.324371
    30    10  2018       70.981583
    31    10  2018       87.480644
     1    11  2018       97.604546
     2    11  2018       84.936462
     3    11  2018       85.119881
     4    11  2018       82.590843
     5    11  2018       73.651512
     6    11  2018       66.051880
     7    11  2018       60.076271
     8    11  2018       54.729668
     9    11  2018       49.876244
    10    11  2018       45.486557
    11    11  2018       41.539368
    12    11  2018       38.006420
    13    11  2018       34.853825
    14    11  2018       48.509666
    15    11  2018       54.187447
    16    11  2018       43.780907
    17    11  2018       37.290806
    18    11  2018       44.500580
    19    11  2018       45.846073
    20    11  2018       39.021416
    21    11  2018       34.258667
    22    11  2018       31.429237
    23    11  2018       32.379051
    24    11  2018       36.741310
    25    11  2018       33.481319
    26    11  2018       28.659027
    27    11  2018       26.135460
    28    11  2018       24.488894
    29    11  2018       32.338646
    30    11  2018       74.007401
     1    12  2018       78.727051
     2    12  2018       57.722775
     3    12  2018       49.367344
     4    12  2018       44.716465
     5    12  2018       41.084454
     6    12  2018       37.880814
     7    12  2018       34.962185
     8    12  2018       32.294434
     9    12  2018       29.866503
    10    12  2018       27.666925
    11    12  2018       25.905342
    12    12  2018       24.303152
    13    12  2018       26.812191
    14    12  2018       27.027781
    15    12  2018       38.738113
    16    12  2018       49.865963
    17    12  2018       39.936924
    18    12  2018       33.023239
    19    12  2018       30.865784
    20    12  2018       30.836433
    21    12  2018       36.674454
    22    12  2018       35.308529
    23    12  2018       29.173031
    24    12  2018       43.177841
    25    12  2018       57.987206
    26    12  2018       69.549774
    27    12  2018       61.223145
    28    12  2018       52.726181
    29    12  2018       49.726677
    30    12  2018       51.889633
    31    12  2018       73.117027
     1     1  2019       78.602692
     2     1  2019       65.938416
     3     1  2019       89.886436
     4     1  2019      120.471512
     5     1  2019      140.464752
     6     1  2019      130.855591
     7     1  2019      145.891861
     8     1  2019      147.591766
     9     1  2019      129.032150
    10     1  2019      132.965012
    11     1  2019      134.725800
    12     1  2019      122.017677
    13     1  2019      117.216080
    14     1  2019      136.913055
    15     1  2019      168.164474
    16     1  2019      158.526276
    17     1  2019      133.320618
    18     1  2019      118.298492
    19     1  2019      106.881844
    20     1  2019       98.525291
    21     1  2019       89.109024
    22     1  2019       79.560593
    23     1  2019       74.032471
    24     1  2019       70.507904
    25     1  2019       64.986687
    26     1  2019       61.149460
    27     1  2019       53.843254
    28     1  2019       48.420593
    29     1  2019       44.276344
    30     1  2019       40.672840
    31     1  2019       38.062466
     1     2  2019       35.637718
     2     2  2019       38.799370
     3     2  2019       55.627068
     4     2  2019       50.528526
     5     2  2019       41.238159
     6     2  2019       38.386528
     7     2  2019       43.460403
     8     2  2019       40.751339
     9     2  2019       34.260124
    10     2  2019       31.246906
    11     2  2019       31.413391
    12     2  2019       34.586426
    13     2  2019       31.443735
    14     2  2019       27.369431
    15     2  2019       60.748371
    16     2  2019       69.460632
    17     2  2019       73.193428
    18     2  2019       64.444305
    19     2  2019       61.858883
    20     2  2019       55.005264
    21     2  2019       50.168159
    22     2  2019       46.828922
    23     2  2019       43.938450
    24     2  2019       44.712898
    25     2  2019       60.013844
    26     2  2019       54.989212
    27     2  2019       45.662140
    28     2  2019       41.505199
     1     3  2019       38.291584
     2     3  2019       35.575493
     3     3  2019       33.106861
     4     3  2019       30.833611
     5     3  2019       29.872908
     6     3  2019       33.485641
     7     3  2019       65.498383
     8     3  2019       67.120018
     9     3  2019       54.996826
    10     3  2019       49.391026
    11     3  2019       44.622147
    12     3  2019       61.782230
    13     3  2019       63.412979
    14     3  2019       58.083996
    15     3  2019       52.508656
    16     3  2019       67.340660
    17     3  2019       67.631157
    18     3  2019       66.321571
    19     3  2019       61.345608
    20     3  2019       55.669830
    21     3  2019       51.080826
    22     3  2019       47.984756
    23     3  2019       46.131966
    24     3  2019       42.385777
    25     3  2019       38.592052
    26     3  2019       35.522087
    27     3  2019       32.926697
    28     3  2019       30.499359
    29     3  2019       28.287403
    30     3  2019       26.324841
    31     3  2019       24.561148
     1     4  2019       22.982578
     2     4  2019       25.914988
     3     4  2019       25.257023
     4     4  2019       23.382349
     5     4  2019       44.231056
     6     4  2019       51.171860
     7     4  2019       43.097542
     8     4  2019       38.190388
     9     4  2019       35.951473
    10     4  2019       31.744518
    11     4  2019       29.521456
    12     4  2019       27.833714
    13     4  2019       26.351933
    14     4  2019       24.984230
    15     4  2019       23.705523
    16     4  2019       26.771044
    17     4  2019       27.077568
    18     4  2019       23.345333
    19     4  2019       21.625177
    20     4  2019       23.100603
    21     4  2019       47.823513
    22     4  2019       41.556580
    23     4  2019       31.820004
    24     4  2019       27.733803
    25     4  2019       25.864801
    26     4  2019       24.528757
    27     4  2019       49.895294
    28     4  2019       63.501144
    29     4  2019       53.281017
    30     4  2019       43.836723
     1     5  2019       64.464432
     2     5  2019       63.483574
     3     5  2019       54.391438
     4     5  2019       50.406422
     5     5  2019       47.583569
     6     5  2019       45.125778
     7     5  2019       42.504959
     8     5  2019       39.726383
     9     5  2019       37.232761
    10     5  2019       45.545357
    11     5  2019       46.438820
    12     5  2019       43.440666
    13     5  2019       43.939064
    14     5  2019       41.854321
    15     5  2019       38.720482
    16     5  2019       36.179409
    17     5  2019       33.929832
    18     5  2019       32.118156
    19     5  2019       30.446569
    20     5  2019       29.120998
    21     5  2019       28.011936
    22     5  2019       27.569366
    23     5  2019       36.048508
    24     5  2019       34.992046
    25     5  2019       31.395161
    26     5  2019       28.644180
    27     5  2019       26.635441
    28     5  2019       91.728317
    29     5  2019       91.141121
    30     5  2019      156.085480
    31     5  2019      240.474060
     1     6  2019      220.886719
     2     6  2019      185.473038
     3     6  2019      161.451187
     4     6  2019      141.557663
     5     6  2019      124.516983
     6     6  2019      109.931580
     7     6  2019       97.507751
     8     6  2019       86.952904
     9     6  2019       77.984665
    10     6  2019       70.347626
    11     6  2019       63.820412
    12     6  2019       58.216297
    13     6  2019       53.380203
    14     6  2019       49.184605
    15     6  2019       45.524818
    16     6  2019       42.315239
    17     6  2019       39.485680
    18     6  2019       36.978493
    19     6  2019       34.746143
    20     6  2019       32.749332
    21     6  2019       30.955660
    22     6  2019       29.337742
    23     6  2019       27.872334
    24     6  2019       26.540215
    25     6  2019       25.325085
    26     6  2019       49.550411
    27     6  2019       43.787048
    28     6  2019       34.294159
    29     6  2019       31.163704
    30     6  2019       29.409840
     1     7  2019       45.773773
     2     7  2019       46.817162
     3     7  2019       40.695709
     4     7  2019       36.518661
     5     7  2019       34.328838
     6     7  2019       32.789474
     7     7  2019       31.417328
     8     7  2019       30.114086
     9     7  2019       28.861464
    10     7  2019       27.660286
    11     7  2019       26.514488
    12     7  2019       25.426876
    13     7  2019       24.398491
    14     7  2019       25.356087
    15     7  2019       27.629066
    16     7  2019       25.341791
    17     7  2019       22.966896
    18     7  2019       21.850353
    19     7  2019       21.006008
    20     7  2019       20.260620
    21     7  2019       19.565390
    22     7  2019       18.910612
    23     7  2019       18.290346
    24     7  2019       17.702227
    25     7  2019       17.144785
    26     7  2019       16.616755
    27     7  2019       16.116804
    28     7  2019       15.645117
    29     7  2019       15.198163
    30     7  2019       19.417219
    31     7  2019       18.760632
     1     8  2019       16.172148
     2     8  2019       15.688124
     3     8  2019       15.311580
     4     8  2019       14.597967
     5     8  2019       13.948006
     6     8  2019       13.481296
     7     8  2019       13.083502
     8     8  2019       12.726803
     9     8  2019       12.399172
    10     8  2019       12.100267
    11     8  2019       11.809582
    12     8  2019       11.538842
    13     8  2019       11.294202
    14     8  2019       11.048719
    15     8  2019       10.816810
    16     8  2019       10.598469
    17     8  2019       10.390882
    18     8  2019       12.989603
    19     8  2019       16.794802
    20     8  2019       14.425838
    21     8  2019       11.970115
    22     8  2019       11.637938
    23     8  2019       11.580966
    24     8  2019       10.978757
    25     8  2019       10.297414
    26     8  2019        9.925168
    27     8  2019        9.657518
    28     8  2019        9.440505
    29     8  2019        9.252519
    30     8  2019        9.083409
    31     8  2019       14.506522
     1     9  2019       14.178593
     2     9  2019       11.765874
     3     9  2019       10.186019
     4     9  2019        9.520356
     5     9  2019        9.419379
     6     9  2019       10.402258
     7     9  2019       10.493741
     8     9  2019        9.577669
     9     9  2019        8.925902
    10     9  2019        8.584204
    11     9  2019        8.344862
    12     9  2019        9.160645
    13     9  2019        8.655208
    14     9  2019        8.171871
    15     9  2019        7.926565
    16     9  2019        7.751730
    17     9  2019        7.608618
    18     9  2019        7.767680
    19     9  2019       21.626379
    20     9  2019       31.879278
    21     9  2019       21.917997
    22     9  2019       13.896153
    23     9  2019       11.372535
    24     9  2019       10.181211
    25     9  2019        9.486008
    26     9  2019        9.017715
    27     9  2019        8.670128
    28     9  2019        8.394244
    29     9  2019        8.164657
    30     9  2019        7.966920
     1    10  2019        7.777554
     2    10  2019       19.314470
     3    10  2019       15.237191
     4    10  2019       11.291090
     5    10  2019       15.067183
     6    10  2019       22.802090
     7    10  2019       18.263720
     8    10  2019       12.582098
     9    10  2019       10.747375
    10    10  2019        9.823487
    11    10  2019        9.237542
    12    10  2019        8.807740
    13    10  2019       18.048975
    14    10  2019       14.841378
    15    10  2019       11.262720
    16    10  2019        9.855867
    17    10  2019        9.085087
    18    10  2019       12.324324
    19    10  2019       11.100694
    20    10  2019       18.686106
    21    10  2019       25.004648
    22    10  2019       17.695076
    23    10  2019       12.706678
    24    10  2019       11.142231
    25    10  2019       10.304197
    26    10  2019        9.725945
    27    10  2019       17.799520
    28    10  2019       20.149271
    29    10  2019       16.781404
    30    10  2019       13.338884
    31    10  2019       14.410235
     1    11  2019       13.375437
     2    11  2019       11.601245
     3    11  2019       10.308036
     4    11  2019       16.753183
     5    11  2019       34.661201
     6    11  2019       28.196474
     7    11  2019       18.641199
     8    11  2019       15.225614
     9    11  2019       37.956188
    10    11  2019       41.557911
    11    11  2019       31.677328
    12    11  2019       24.271914
    13    11  2019       42.575306
    14    11  2019       51.636406
    15    11  2019       41.526863
    16    11  2019       33.952366
    17    11  2019       30.337526
    18    11  2019       27.546989
    19    11  2019       25.068228
    20    11  2019       23.274357
    21    11  2019       21.216000
    22    11  2019       19.314270
    23    11  2019       17.691738
    24    11  2019       16.274965
    25    11  2019       14.980562
    26    11  2019       33.105270
    27    11  2019       50.891029
    28    11  2019       40.377781
    29    11  2019       29.003984
    30    11  2019       24.911860
     1    12  2019       22.476110
     2    12  2019       20.556374
     3    12  2019       18.845020
     4    12  2019       37.048897
     5    12  2019       36.353115
     6    12  2019       27.823488
     7    12  2019       22.888325
     8    12  2019       21.975986
     9    12  2019       23.764326
    10    12  2019       20.854084
    11    12  2019       19.015831
    12    12  2019       18.583982
    13    12  2019       16.775183
    14    12  2019       17.512583
    15    12  2019       29.898708
    16    12  2019       42.554409
    17    12  2019       44.806252
    18    12  2019       35.030663
    19    12  2019       30.278439
    20    12  2019       27.358721
    21    12  2019       26.524321
    22    12  2019       23.760014
    23    12  2019       20.963366
    24    12  2019       19.061920
    25    12  2019       17.495216
    26    12  2019       16.127451
    27    12  2019       14.912350
    28    12  2019       13.828773
    29    12  2019       12.926119
    30    12  2019       21.959579
    31    12  2019       18.211536
     1     1  2020       15.769131
     2     1  2020       13.619990
     3     1  2020       12.431994
     4     1  2020       11.217486
     5     1  2020       11.287604
     6     1  2020       10.776018
     7     1  2020        9.702194
     8     1  2020        9.195693
     9     1  2020       10.451379
    10     1  2020       14.205239
    11     1  2020       38.998768
    12     1  2020       27.296797
    13     1  2020       16.583735
    14     1  2020       13.378596
    15     1  2020       11.828794
    16     1  2020       14.892035
    17     1  2020       13.543621
    18     1  2020       11.009073
    19     1  2020        9.961884
    20     1  2020        9.282896
    21     1  2020        8.763279
    22     1  2020        8.411596
    23     1  2020        8.007856
    24     1  2020        7.669661
    25     1  2020        7.380949
    26     1  2020        7.128806
    27     1  2020        6.905283
    28     1  2020        6.917134
    29     1  2020       22.687986
    30     1  2020       29.293470
    31     1  2020       18.765799
     1     2  2020       12.159370
     2     2  2020       40.848885
     3     2  2020       27.936958
     4     2  2020       18.172529
     5     2  2020       15.563581
     6     2  2020       18.238306
     7     2  2020       15.614285
     8     2  2020       13.732419
     9     2  2020       12.887425
    10     2  2020       12.021188
    11     2  2020       11.073737
    12     2  2020       10.349716
    13     2  2020        9.736473
    14     2  2020        9.200249
    15     2  2020        8.768686
    16     2  2020        8.632954
    17     2  2020        8.065195
    18     2  2020       18.871445
    19     2  2020       14.322193
    20     2  2020       10.088817
    21     2  2020        8.830407
    22     2  2020        8.150564
    23     2  2020        7.684142
    24     2  2020       11.044283
    25     2  2020       40.144249
    26     2  2020       59.859215
    27     2  2020       39.465916
    28     2  2020       25.989151
    29     2  2020       21.711884
     1     3  2020       19.343212
     2     3  2020       17.635607
     3     3  2020       16.232275
     4     3  2020       15.040123
     5     3  2020       13.958668
     6     3  2020       13.004350
     7     3  2020       15.248851
     8     3  2020       13.958942
     9     3  2020       11.911628
    10     3  2020       10.936961
    11     3  2020       10.230616
    12     3  2020        9.649547
    13     3  2020        9.147488
    14     3  2020        8.704837
    15     3  2020        8.310963
    16     3  2020        7.958855
    17     3  2020        7.696609
    18     3  2020       29.673077
    19     3  2020       22.771542
    20     3  2020       13.845088
    21     3  2020       11.307312
    22     3  2020       10.134746
    23     3  2020        9.402525
    24     3  2020        8.861114
    25     3  2020        8.422402
    26     3  2020        8.049061
    27     3  2020        7.722704
    28     3  2020        7.433028
    29     3  2020        9.112228
    30     3  2020        9.699031
    31     3  2020        8.197103
     1     4  2020        7.342360
     2     4  2020       10.525126
     3     4  2020        8.623077
     4     4  2020        7.190587
     5     4  2020        6.712359
     6     4  2020       16.158096
     7     4  2020       13.080331
     8     4  2020        8.878992
     9     4  2020        7.642627
    10     4  2020        7.050564
    11     4  2020        6.690593
    12     4  2020        6.436234
    13     4  2020       18.420769
    14     4  2020       16.785816
    15     4  2020       12.025887
    16     4  2020        9.049543
    17     4  2020        7.960583
    18     4  2020        7.384306
    19     4  2020        7.012189
    20     4  2020        6.739073
    21     4  2020        6.521830
    22     4  2020        6.339972
    23     4  2020        6.182590
    24     4  2020        6.043339
    25     4  2020        5.918233
    26     4  2020        5.804650
    27     4  2020        5.700776
    28     4  2020        5.605237
    29     4  2020        5.516942
    30     4  2020        5.447694
     1     5  2020        5.850752
     2     5  2020        5.842522
     3     5  2020        5.462084
     4     5  2020        5.303436
     5     5  2020       10.022798
     6     5  2020        9.780575
     7     5  2020        7.159659
     8     5  2020        6.021305
     9     5  2020        5.615855
    10     5  2020        5.397547
    11     5  2020        5.255724
    12     5  2020        5.802456
    13     5  2020       13.156169
    14     5  2020        9.954899
    15     5  2020        6.901912
    16     5  2020        6.044793
    17     5  2020        5.649291
    18     5  2020        5.420655
    19     5  2020        5.268194
    20     5  2020        5.156311
    21     5  2020        5.068358
    22     5  2020       59.397583
    23     5  2020       46.078533
    24     5  2020       24.138069
    25     5  2020       18.296150
    26     5  2020       15.839519
    27     5  2020       14.438931
    28     5  2020       13.458756
    29     5  2020       12.683223
    30     5  2020       12.026012
    31     5  2020       11.450047
     1     6  2020       14.482622
     2     6  2020       13.065069
     3     6  2020       11.408912
     4     6  2020       35.241295
     5     6  2020       48.988304
     6     6  2020       38.360218
     7     6  2020       29.461481
     8     6  2020       26.801342
     9     6  2020       87.651352
    10     6  2020      146.712509
    11     6  2020      214.586304
    12     6  2020      171.693771
    13     6  2020      151.597229
    14     6  2020      132.429855
    15     6  2020      114.214699
    16     6  2020      100.270401
    17     6  2020       88.357208
    18     6  2020       78.132492
    19     6  2020       69.383583
    20     6  2020       61.907356
    21     6  2020       55.512878
    22     6  2020       50.029896
    23     6  2020       45.311836
    24     6  2020       41.235256
    25     6  2020       55.847214
    26     6  2020       52.552814
    27     6  2020       46.899899
    28     6  2020       43.271538
    29     6  2020       41.220192
    30     6  2020       69.036789
     1     7  2020       62.592716
     2     7  2020       52.121883
     3     7  2020       48.401066
     4     7  2020       45.475582
     5     7  2020       43.091095
     6     7  2020       45.393162
     7     7  2020       44.604473
     8     7  2020       54.212162
     9     7  2020       49.064838
    10     7  2020       42.606773
    11     7  2020       44.335445
    12     7  2020       40.838772
    13     7  2020       38.379318
    14     7  2020       36.069180
    15     7  2020       33.743561
    16     7  2020       31.762316
    17     7  2020       30.065977
    18     7  2020       28.458384
    19     7  2020       26.765625
    20     7  2020       25.259811
    21     7  2020       23.881386
    22     7  2020       22.611578
    23     7  2020       21.440334
    24     7  2020       20.359840
    25     7  2020       19.651608
    26     7  2020       18.570894
    27     7  2020       17.664392
    28     7  2020       25.400375
    29     7  2020       22.998949
    30     7  2020       18.989300
    31     7  2020       17.567814
     1     8  2020       16.678850
     2     8  2020       15.955067
     3     8  2020       15.306355
     4     8  2020       14.702225
     5     8  2020       14.133949
     6     8  2020       13.598246
     7     8  2020       13.093503
     8     8  2020       12.618501
     9     8  2020       12.172048
    10     8  2020       11.752856
    11     8  2020       11.359566
    12     8  2020       26.393084
    13     8  2020       35.933002
    14     8  2020       40.697990
    15     8  2020       57.188461
    16     8  2020       49.801643
    17     8  2020       40.685505
    18     8  2020       70.472229
    19     8  2020       73.577431
    20     8  2020       62.819588
    21     8  2020       57.270813
    22     8  2020       53.884159
    23     8  2020       50.579300
    24     8  2020       47.228035
    25     8  2020       43.927452
    26     8  2020       40.769371
    27     8  2020       37.809464
    28     8  2020       35.073307
    29     8  2020       32.566353
    30     8  2020       30.282108
    31     8  2020       28.207539
     1     9  2020       26.326880
     2     9  2020       24.590965
     3     9  2020       24.610638
     4     9  2020       22.540636
     5     9  2020       20.744875
     6     9  2020       19.435909
     7     9  2020       18.289347
     8     9  2020       17.253782
     9     9  2020       16.311050
    10     9  2020       15.450679
    11     9  2020       14.664639
    12     9  2020       13.946032
    13     9  2020       13.288667
    14     9  2020       12.686931
    15     9  2020       12.135733
    16     9  2020       11.660444
    17     9  2020       24.694719
    18     9  2020       19.800369
    19     9  2020       14.397717
    20     9  2020       12.764110
    21     9  2020       11.895061
    22     9  2020       11.292334
    23     9  2020       10.809290
    24     9  2020       10.393754
    25     9  2020       10.023640
    26     9  2020        9.687961
    27     9  2020       27.380405
    28     9  2020       34.263096
    29     9  2020       24.911829
    30     9  2020       17.355150
     1    10  2020       14.922782
     2    10  2020       13.656641
     3    10  2020       37.072514
     4    10  2020       28.568525
     5    10  2020       20.128544
     6    10  2020       17.767109
     7    10  2020       16.537769
     8    10  2020       39.960415
     9    10  2020       44.252064
    10    10  2020       33.357838
    11    10  2020       26.765800
    12    10  2020       24.152576
    13    10  2020       22.379852
    14    10  2020       23.224463
    15    10  2020       21.033234
    16    10  2020       19.162046
    17    10  2020       17.889051
    18    10  2020       16.771835
    19    10  2020       15.753267
    20    10  2020       14.820096
    21    10  2020       13.966345
    22    10  2020       13.187047
    23    10  2020       12.477139
    24    10  2020       12.927599
    25    10  2020       12.901907
    26    10  2020       12.155164
    27    10  2020       11.042269
    28    10  2020       10.273104
    29    10  2020       13.061247
    30    10  2020       12.075867
    31    10  2020       14.164517
     1    11  2020       11.629979
     2    11  2020        9.818327
     3    11  2020        9.214397
     4    11  2020        8.812695
     5    11  2020        8.353988
     6    11  2020        8.017434
     7    11  2020        7.737823
     8    11  2020        7.494163
     9    11  2020       10.756635
    10    11  2020        9.202022
    11    11  2020       18.087179
    12    11  2020       18.549860
    13    11  2020       11.988784
    14    11  2020        9.594919
    15    11  2020       11.512480
    16    11  2020       11.854404
    17    11  2020        9.204357
    18    11  2020       14.539948
    19    11  2020       13.378748
    20    11  2020       10.752391
    21    11  2020        8.806993
    22    11  2020        7.953763
    23    11  2020        7.439647
    24    11  2020        7.092948
    25    11  2020        6.832254
    26    11  2020        6.700506
    27    11  2020       23.180702
    28    11  2020       24.690945
    29    11  2020       35.263313
    30    11  2020       35.903271
     1    12  2020       22.762360
     2    12  2020       25.529028
     3    12  2020       54.212914
     4    12  2020       42.492409
     5    12  2020      102.912392
     6    12  2020       98.559814
     7    12  2020       76.174271
     8    12  2020       67.584274
     9    12  2020       61.175598
    10    12  2020       55.203533
    11    12  2020       52.260986
    12    12  2020       47.322262
    13    12  2020       44.299194
    14    12  2020       39.860661
    15    12  2020       39.210869
    16    12  2020       35.101303
    17    12  2020       30.711166
    18    12  2020       27.572992
    19    12  2020       36.697430
    20    12  2020       64.149994
    21    12  2020       57.026600
    22    12  2020       42.215801
    23    12  2020       37.006668
    24    12  2020       33.624783
    25    12  2020       30.769962
    26    12  2020       28.172352
    27    12  2020       25.782360
    28    12  2020       25.140818
    29    12  2020       31.949575
    30    12  2020       30.172098
    31    12  2020       23.986012
