     1     1  2017        2.105445
     2     1  2017        4.505947
     3     1  2017        8.313513
     4     1  2017       16.137295
     5     1  2017       23.376280
     6     1  2017       48.928848
     7     1  2017       71.702011
     8     1  2017       71.661461
     9     1  2017       60.162239
    10     1  2017       47.877731
    11     1  2017       38.200119
    12     1  2017       30.393696
    13     1  2017       25.274628
    14     1  2017       20.990067
    15     1  2017       16.830690
    16     1  2017       14.220455
    17     1  2017       13.204190
    18     1  2017       21.477718
    19     1  2017       26.847916
    20     1  2017       21.580965
    21     1  2017       16.848621
    22     1  2017       14.113810
    23     1  2017       13.817043
    24     1  2017       15.046845
    25     1  2017       20.305286
    26     1  2017       42.139820
    27     1  2017       45.778824
    28     1  2017       42.389500
    29     1  2017       40.734146
    30     1  2017       38.911613
    31     1  2017       50.338886
     1     2  2017       55.666195
     2     2  2017       51.198746
     3     2  2017       46.702015
     4     2  2017       46.915756
     5     2  2017       47.217278
     6     2  2017       39.669632
     7     2  2017       31.530106
     8     2  2017       26.847267
     9     2  2017       23.642754
    10     2  2017       20.297997
    11     2  2017       20.088379
    12     2  2017       26.141113
    13     2  2017       47.362122
    14     2  2017       56.623184
    15     2  2017       51.771416
    16     2  2017       40.848808
    17     2  2017       36.328346
    18     2  2017       36.333633
    19     2  2017       56.097015
    20     2  2017       53.625053
    21     2  2017       41.742970
    22     2  2017       33.003197
    23     2  2017       28.322754
    24     2  2017       26.648193
    25     2  2017       36.594875
    26     2  2017       38.161041
    27     2  2017       32.695316
    28     2  2017       27.782042
     1     3  2017       27.963821
     2     3  2017       30.842384
     3     3  2017       34.294342
     4     3  2017       34.509773
     5     3  2017       53.644436
     6     3  2017       55.489902
     7     3  2017       49.387947
     8     3  2017       42.703682
     9     3  2017       34.603249
    10     3  2017       28.361097
    11     3  2017       23.619350
    12     3  2017       24.584976
    13     3  2017       26.456825
    14     3  2017       31.582054
    15     3  2017       30.741375
    16     3  2017       25.386833
    17     3  2017       22.544394
    18     3  2017       21.550625
    19     3  2017       24.863075
    20     3  2017       25.114571
    21     3  2017       22.005417
    22     3  2017       18.442451
    23     3  2017       15.634934
    24     3  2017       14.512001
    25     3  2017       13.764143
    26     3  2017       12.165885
    27     3  2017       11.124888
    28     3  2017       10.147977
    29     3  2017        9.586690
    30     3  2017        9.421311
    31     3  2017        9.667011
     1     4  2017        9.594223
     2     4  2017        8.940804
     3     4  2017        8.373085
     4     4  2017        7.915562
     5     4  2017        9.962520
     6     4  2017       12.485540
     7     4  2017       15.739286
     8     4  2017       22.423214
     9     4  2017       21.387718
    10     4  2017       16.978821
    11     4  2017       14.371749
    12     4  2017       12.522694
    13     4  2017       11.047256
    14     4  2017       10.251223
    15     4  2017        9.432510
    16     4  2017        8.841099
    17     4  2017        8.179180
    18     4  2017        7.812995
    19     4  2017        7.711949
    20     4  2017        7.869630
    21     4  2017        8.337746
    22     4  2017        8.486475
    23     4  2017        8.658368
    24     4  2017        8.364740
    25     4  2017        8.023778
    26     4  2017       12.514746
    27     4  2017       14.235886
    28     4  2017       12.858631
    29     4  2017       10.994908
    30     4  2017        9.655224
     1     5  2017        8.723045
     2     5  2017        8.058083
     3     5  2017        7.573954
     4     5  2017        8.162296
     5     5  2017        8.598898
     6     5  2017        9.154920
     7     5  2017        9.357104
     8     5  2017        8.576163
     9     5  2017        7.892300
    10     5  2017        7.409678
    11     5  2017        7.065200
    12     5  2017        6.816179
    13     5  2017        7.700295
    14     5  2017        8.672270
    15     5  2017       10.671475
    16     5  2017       10.772741
    17     5  2017        9.365891
    18     5  2017       10.316512
    19     5  2017       17.698336
    20     5  2017       36.969742
    21     5  2017       40.338181
    22     5  2017       35.375267
    23     5  2017       31.040730
    24     5  2017       25.877234
    25     5  2017       21.155531
    26     5  2017       18.114952
    27     5  2017       18.732084
    28     5  2017       22.458698
    29     5  2017       25.862041
    30     5  2017       25.655903
    31     5  2017       32.096535
     1     6  2017       44.513351
     2     6  2017       53.934818
     3     6  2017       51.399612
     4     6  2017       44.053253
     5     6  2017       42.986984
     6     6  2017       57.917389
     7     6  2017       74.953697
     8     6  2017       81.515823
     9     6  2017       78.402863
    10     6  2017       72.875099
    11     6  2017       63.111053
    12     6  2017       52.327896
    13     6  2017       43.672592
    14     6  2017       36.816460
    15     6  2017       31.396229
    16     6  2017       27.099312
    17     6  2017       23.678293
    18     6  2017       20.929953
    19     6  2017       20.400398
    20     6  2017       22.129158
    21     6  2017       29.813644
    22     6  2017       29.416498
    23     6  2017       24.633629
    24     6  2017       21.113890
    25     6  2017       18.512005
    26     6  2017       16.532883
    27     6  2017       14.995611
    28     6  2017       13.782450
    29     6  2017       12.813185
    30     6  2017       12.030695
     1     7  2017       11.393127
     2     7  2017       10.869164
     3     7  2017       10.434614
     4     7  2017       10.073067
     5     7  2017        9.816689
     6     7  2017        9.781008
     7     7  2017        9.726952
     8     7  2017        9.420046
     9     7  2017        9.182001
    10     7  2017        9.023603
    11     7  2017        8.850158
    12     7  2017        8.708235
    13     7  2017        8.592261
    14     7  2017        8.495624
    15     7  2017        8.413717
    16     7  2017        8.343268
    17     7  2017        8.890750
    18     7  2017        9.737197
    19     7  2017       12.000838
    20     7  2017       12.126610
    21     7  2017       10.855300
    22     7  2017       10.022989
    23     7  2017        9.463909
    24     7  2017        9.074822
    25     7  2017        8.796064
    26     7  2017        8.591181
    27     7  2017        8.437080
    28     7  2017        8.318714
    29     7  2017        8.226001
    30     7  2017        8.152065
    31     7  2017        8.092110
     1     8  2017        8.042730
     2     8  2017        8.691528
     3     8  2017       11.013019
     4     8  2017       17.605307
     5     8  2017       17.821552
     6     8  2017       14.726738
     7     8  2017       12.739999
     8     8  2017       11.417574
     9     8  2017       10.511612
    10     8  2017        9.869262
    11     8  2017        9.395605
    12     8  2017        9.042301
    13     8  2017       11.231142
    14     8  2017       13.935040
    15     8  2017       18.944027
    16     8  2017       19.377167
    17     8  2017       16.338858
    18     8  2017       13.955132
    19     8  2017       14.833094
    20     8  2017       26.497917
    21     8  2017       53.293427
    22     8  2017       59.105156
    23     8  2017       51.340725
    24     8  2017       40.592323
    25     8  2017       32.818531
    26     8  2017       27.184765
    27     8  2017       23.008255
    28     8  2017       19.857395
    29     8  2017       17.447485
    30     8  2017       15.583984
    31     8  2017       14.130372
     1     9  2017       12.988665
     2     9  2017       12.087081
     3     9  2017       11.371872
     4     9  2017       10.801788
     5     9  2017       10.345105
     6     9  2017        9.977574
     7     9  2017        9.680447
     8     9  2017        9.439137
     9     9  2017        9.242246
    10     9  2017        9.080812
    11     9  2017        8.947762
    12     9  2017        8.837508
    13     9  2017        8.745631
    14     9  2017        8.668613
    15     9  2017        8.699948
    16     9  2017        8.685363
    17     9  2017        8.567781
    18     9  2017        8.539594
    19     9  2017        8.816342
    20     9  2017        8.923514
    21     9  2017        8.762436
    22     9  2017        8.631093
    23     9  2017        8.667077
    24     9  2017        8.680632
    25     9  2017        8.527162
    26     9  2017        8.485526
    27     9  2017        8.530329
    28     9  2017        8.450951
    29     9  2017        9.819712
    30     9  2017       15.388930
     1    10  2017       25.255581
     2    10  2017       29.862484
     3    10  2017       28.093302
     4    10  2017       23.223127
     5    10  2017       19.210823
     6    10  2017       19.898710
     7    10  2017       28.318272
     8    10  2017       34.899879
     9    10  2017       43.371201
    10    10  2017       48.814308
    11    10  2017       45.867298
    12    10  2017       40.044456
    13    10  2017       37.885391
    14    10  2017       42.693085
    15    10  2017       45.017750
    16    10  2017       38.860695
    17    10  2017       33.244995
    18    10  2017       29.235233
    19    10  2017       26.310059
    20    10  2017       24.282574
    21    10  2017       25.276684
    22    10  2017       31.928223
    23    10  2017       29.609369
    24    10  2017       26.178711
    25    10  2017       26.358374
    26    10  2017       32.770115
    27    10  2017       32.100811
    28    10  2017       31.796890
    29    10  2017       29.312737
    30    10  2017       30.772291
    31    10  2017       30.624966
     1    11  2017       26.524998
     2    11  2017       22.592726
     3    11  2017       20.067574
     4    11  2017       22.741325
     5    11  2017       31.405720
     6    11  2017       30.771460
     7    11  2017       27.015415
     8    11  2017       22.946735
     9    11  2017       19.938665
    10    11  2017       19.994787
    11    11  2017       25.760487
    12    11  2017       27.040672
    13    11  2017       25.962353
    14    11  2017       21.649044
    15    11  2017       18.497377
    16    11  2017       16.622597
    17    11  2017       17.543594
    18    11  2017       32.972839
    19    11  2017       62.942673
    20    11  2017       59.206894
    21    11  2017       62.153328
    22    11  2017       77.848061
    23    11  2017       68.781021
    24    11  2017       56.028893
    25    11  2017       52.017845
    26    11  2017       55.760765
    27    11  2017       48.262993
    28    11  2017       40.888359
    29    11  2017       34.527756
    30    11  2017       29.572676
     1    12  2017       25.720737
     2    12  2017       22.759480
     3    12  2017       20.602776
     4    12  2017       18.755665
     5    12  2017       17.300049
     6    12  2017       16.193823
     7    12  2017       15.674390
     8    12  2017       16.161318
     9    12  2017       15.469179
    10    12  2017       14.311846
    11    12  2017       13.375843
    12    12  2017       12.670324
    13    12  2017       12.126058
    14    12  2017       11.707966
    15    12  2017       12.013817
    16    12  2017       15.554653
    17    12  2017       15.368256
    18    12  2017       13.870087
    19    12  2017       14.851404
    20    12  2017       19.148666
    21    12  2017       23.499763
    22    12  2017       24.764420
    23    12  2017       23.093130
    24    12  2017       23.958380
    25    12  2017       32.431580
    26    12  2017       41.105118
    27    12  2017       44.319534
    28    12  2017       41.070068
    29    12  2017       47.695686
    30    12  2017       69.067352
    31    12  2017       74.063263
     1     1  2018       65.387817
     2     1  2018       55.232666
     3     1  2018       50.312378
     4     1  2018       42.679459
     5     1  2018       35.571728
     6     1  2018       30.360870
     7     1  2018       28.357018
     8     1  2018       27.932068
     9     1  2018       25.241806
    10     1  2018       25.667480
    11     1  2018       34.736328
    12     1  2018       40.495174
    13     1  2018       43.845695
    14     1  2018       42.979488
    15     1  2018       38.614887
    16     1  2018       33.675282
    17     1  2018       59.672569
    18     1  2018       88.362938
    19     1  2018      102.144806
    20     1  2018      103.510719
    21     1  2018      108.729340
    22     1  2018      100.980652
    23     1  2018       93.439941
    24     1  2018       96.834274
    25     1  2018      100.780411
    26     1  2018       90.408173
    27     1  2018       74.409264
    28     1  2018       64.344208
    29     1  2018       64.485504
    30     1  2018       70.745857
    31     1  2018       73.476532
     1     2  2018       66.274399
     2     2  2018       57.721172
     3     2  2018       48.899147
     4     2  2018       41.720940
     5     2  2018       36.203373
     6     2  2018       31.944576
     7     2  2018       28.324272
     8     2  2018       25.430031
     9     2  2018       25.845530
    10     2  2018       25.903069
    11     2  2018       32.332714
    12     2  2018       40.166290
    13     2  2018       44.881092
    14     2  2018       46.972050
    15     2  2018       44.471336
    16     2  2018       37.614296
    17     2  2018       32.130711
    18     2  2018       28.711645
    19     2  2018       27.353985
    20     2  2018       26.927317
    21     2  2018       30.241558
    22     2  2018       28.725550
    23     2  2018       24.914997
    24     2  2018       22.378494
    25     2  2018       20.333776
    26     2  2018       18.798119
    27     2  2018       19.134853
    28     2  2018       19.188440
     1     3  2018       19.301395
     2     3  2018       19.389690
     3     3  2018       21.490423
     4     3  2018       24.228500
     5     3  2018       37.929916
     6     3  2018       42.750267
     7     3  2018       39.106491
     8     3  2018       37.053673
     9     3  2018       33.813232
    10     3  2018       29.042007
    11     3  2018       25.817066
    12     3  2018       24.289379
    13     3  2018       22.998051
    14     3  2018       26.030575
    15     3  2018       31.085796
    16     3  2018       40.712959
    17     3  2018       41.100708
    18     3  2018       33.674599
    19     3  2018       28.496155
    20     3  2018       30.634686
    21     3  2018       53.368927
    22     3  2018       54.817368
    23     3  2018       45.196445
    24     3  2018       39.434589
    25     3  2018       34.756542
    26     3  2018       30.704849
    27     3  2018       31.530064
    28     3  2018       39.411171
    29     3  2018       65.772095
    30     3  2018      105.729294
    31     3  2018      107.663757
     1     4  2018       92.947548
     2     4  2018       79.346436
     3     4  2018       66.238525
     4     4  2018       55.220016
     5     4  2018       47.087692
     6     4  2018       40.823284
     7     4  2018       35.798622
     8     4  2018       31.844395
     9     4  2018       28.681543
    10     4  2018       26.162739
    11     4  2018       24.143145
    12     4  2018       22.511806
    13     4  2018       21.184181
    14     4  2018       20.096891
    15     4  2018       19.236862
    16     4  2018       18.731314
    17     4  2018       18.648697
    18     4  2018       18.284924
    19     4  2018       17.816219
    20     4  2018       17.275311
    21     4  2018       16.717804
    22     4  2018       16.267744
    23     4  2018       15.902281
    24     4  2018       15.598557
    25     4  2018       15.340941
    26     4  2018       15.118573
    27     4  2018       14.923792
    28     4  2018       14.751045
    29     4  2018       14.599283
    30     4  2018       14.488915
     1     5  2018       14.365995
     2     5  2018       14.242268
     3     5  2018       14.153390
     4     5  2018       14.112820
     5     5  2018       13.996658
     6     5  2018       13.897100
     7     5  2018       13.809644
     8     5  2018       14.087429
     9     5  2018       15.057892
    10     5  2018       14.745876
    11     5  2018       14.556158
    12     5  2018       14.210709
    13     5  2018       13.948692
    14     5  2018       13.761055
    15     5  2018       13.676765
    16     5  2018       13.614162
    17     5  2018       13.503061
    18     5  2018       14.120506
    19     5  2018       15.831056
    20     5  2018       20.679098
    21     5  2018       20.603491
    22     5  2018       18.635530
    23     5  2018       17.036835
    24     5  2018       15.926314
    25     5  2018       15.151447
    26     5  2018       14.594576
    27     5  2018       14.183763
    28     5  2018       13.873415
    29     5  2018       13.633694
    30     5  2018       13.444590
    31     5  2018       13.292406
     1     6  2018       13.169162
     2     6  2018       13.716007
     3     6  2018       14.709197
     4     6  2018       15.968489
     5     6  2018       16.800863
     6     6  2018       16.674809
     7     6  2018       16.782860
     8     6  2018       17.919315
     9     6  2018       17.932316
    10     6  2018       16.711300
    11     6  2018       15.555364
    12     6  2018       16.284107
    13     6  2018       17.522314
    14     6  2018       23.259630
    15     6  2018       24.782154
    16     6  2018       25.476032
    17     6  2018       25.425091
    18     6  2018       22.836197
    19     6  2018       20.090622
    20     6  2018       18.137547
    21     6  2018       16.761303
    22     6  2018       15.766459
    23     6  2018       15.032749
    24     6  2018       14.481306
    25     6  2018       14.059696
    26     6  2018       14.888702
    27     6  2018       23.412924
    28     6  2018       44.626835
    29     6  2018       45.801270
    30     6  2018       37.852295
     1     7  2018       31.189697
     2     7  2018       26.597706
     3     7  2018       23.497082
     4     7  2018       21.239965
     5     7  2018       19.568184
     6     7  2018       18.404034
     7     7  2018       17.222805
     8     7  2018       16.299383
     9     7  2018       15.703214
    10     7  2018       15.197758
    11     7  2018       14.670195
    12     7  2018       14.279015
    13     7  2018       13.970533
    14     7  2018       13.713184
    15     7  2018       13.501948
    16     7  2018       13.327330
    17     7  2018       13.181523
    18     7  2018       13.058547
    19     7  2018       12.953770
    20     7  2018       12.863577
    21     7  2018       12.785126
    22     7  2018       12.716179
    23     7  2018       12.655863
    24     7  2018       12.603369
    25     7  2018       12.552956
    26     7  2018       12.559206
    27     7  2018       12.672986
    28     7  2018       12.586263
    29     7  2018       12.798105
    30     7  2018       13.214894
    31     7  2018       13.374912
     1     8  2018       13.343992
     2     8  2018       13.083782
     3     8  2018       12.827569
     4     8  2018       12.669378
     5     8  2018       12.601488
     6     8  2018       12.469210
     7     8  2018       12.361530
     8     8  2018       12.342926
     9     8  2018       12.323417
    10     8  2018       12.280735
    11     8  2018       12.256777
    12     8  2018       12.175119
    13     8  2018       12.107195
    14     8  2018       12.052164
    15     8  2018       12.005904
    16     8  2018       11.965742
    17     8  2018       11.929922
    18     8  2018       11.897512
    19     8  2018       11.868186
    20     8  2018       11.839294
    21     8  2018       11.821918
    22     8  2018       12.161946
    23     8  2018       13.166167
    24     8  2018       19.412241
    25     8  2018       26.115614
    26     8  2018       36.123699
    27     8  2018       35.916744
    28     8  2018       28.845583
    29     8  2018       24.074108
    30     8  2018       20.820074
    31     8  2018       18.536541
     1     9  2018       17.273457
     2     9  2018       19.620667
     3     9  2018       24.890541
     4     9  2018       28.129128
     5     9  2018       31.763939
     6     9  2018       30.297882
     7     9  2018       25.440113
     8     9  2018       21.963661
     9     9  2018       19.497696
    10     9  2018       17.706718
    11     9  2018       16.380295
    12     9  2018       15.382034
    13     9  2018       14.669112
    14     9  2018       14.588196
    15     9  2018       14.939884
    16     9  2018       14.886011
    17     9  2018       14.774675
    18     9  2018       15.364187
    19     9  2018       14.694247
    20     9  2018       14.064835
    21     9  2018       13.642653
    22     9  2018       13.771444
    23     9  2018       13.470402
    24     9  2018       13.837276
    25     9  2018       14.485948
    26     9  2018       16.375027
    27     9  2018       17.728958
    28     9  2018       23.947868
    29     9  2018       23.568142
    30     9  2018       19.866909
     1    10  2018       19.183271
     2    10  2018       26.851139
     3    10  2018       39.443050
     4    10  2018       48.279213
     5    10  2018       52.034729
     6    10  2018       48.638313
     7    10  2018       47.961445
     8    10  2018       57.965370
     9    10  2018       61.538662
    10    10  2018       59.814899
    11    10  2018       68.954712
    12    10  2018       73.602264
    13    10  2018       72.434692
    14    10  2018       71.921326
    15    10  2018       68.827225
    16    10  2018       72.067184
    17    10  2018       81.105400
    18    10  2018       94.867401
    19    10  2018      113.684982
    20    10  2018      122.480347
    21    10  2018      108.280167
    22    10  2018       88.983109
    23    10  2018       73.693176
    24    10  2018       66.256424
    25    10  2018       64.081108
    26    10  2018       62.721870
    27    10  2018       61.187752
    28    10  2018       57.744865
    29    10  2018       51.876240
    30    10  2018       44.069637
    31    10  2018       39.499332
     1    11  2018       36.702572
     2    11  2018       36.527702
     3    11  2018       37.154442
     4    11  2018       36.962097
     5    11  2018       37.308495
     6    11  2018       34.727108
     7    11  2018       29.976521
     8    11  2018       26.489815
     9    11  2018       24.076664
    10    11  2018       23.120453
    11    11  2018       22.974335
    12    11  2018       22.533554
    13    11  2018       20.590378
    14    11  2018       19.582952
    15    11  2018       18.773842
    16    11  2018       17.543823
    17    11  2018       16.993334
    18    11  2018       17.853500
    19    11  2018       18.219170
    20    11  2018       20.808512
    21    11  2018       20.281603
    22    11  2018       18.294514
    23    11  2018       17.044014
    24    11  2018       16.394394
    25    11  2018       15.844946
    26    11  2018       15.246160
    27    11  2018       15.132893
    28    11  2018       14.942822
    29    11  2018       14.598267
    30    11  2018       16.470694
     1    12  2018       18.928968
     2    12  2018       23.396141
     3    12  2018       24.125593
     4    12  2018       22.706890
     5    12  2018       20.651871
     6    12  2018       18.477779
     7    12  2018       17.042448
     8    12  2018       16.380354
     9    12  2018       16.177158
    10    12  2018       15.376337
    11    12  2018       14.760143
    12    12  2018       14.305319
    13    12  2018       13.962707
    14    12  2018       13.701189
    15    12  2018       15.890478
    16    12  2018       20.705160
    17    12  2018       30.133070
    18    12  2018       32.997871
    19    12  2018       32.864212
    20    12  2018       38.944679
    21    12  2018       43.284847
    22    12  2018       45.395988
    23    12  2018       51.693466
    24    12  2018       51.365242
    25    12  2018       43.754311
    26    12  2018       36.231838
    27    12  2018       30.917702
    28    12  2018       26.908195
    29    12  2018       23.909561
    30    12  2018       22.032438
    31    12  2018       20.590775
     1     1  2019       18.986799
     2     1  2019       17.700790
     3     1  2019       16.711094
     4     1  2019       17.084887
     5     1  2019       18.607740
     6     1  2019       21.072176
     7     1  2019       21.958633
     8     1  2019       20.316410
     9     1  2019       19.084347
    10     1  2019       20.760311
    11     1  2019       22.721889
    12     1  2019       20.566364
    13     1  2019       19.953316
    14     1  2019       20.818361
    15     1  2019       26.493347
    16     1  2019       25.573862
    17     1  2019       22.209665
    18     1  2019       20.452068
    19     1  2019       19.921602
    20     1  2019       18.829624
    21     1  2019       18.972878
    22     1  2019       19.092896
    23     1  2019       17.992443
    24     1  2019       18.841892
    25     1  2019       19.607576
    26     1  2019       24.488468
    27     1  2019       23.870712
    28     1  2019       20.664259
    29     1  2019       18.811073
    30     1  2019       18.065306
    31     1  2019       17.705276
     1     2  2019       22.179363
     2     2  2019       27.146366
     3     2  2019       24.678814
     4     2  2019       24.999916
     5     2  2019       24.378529
     6     2  2019       21.685047
     7     2  2019       19.978121
     8     2  2019       18.415421
     9     2  2019       17.426668
    10     2  2019       16.446737
    11     2  2019       15.776035
    12     2  2019       16.841389
    13     2  2019       25.095043
    14     2  2019       26.482971
    15     2  2019       22.974037
    16     2  2019       23.537582
    17     2  2019       34.888412
    18     2  2019       37.560154
    19     2  2019       35.911446
    20     2  2019       30.995449
    21     2  2019       28.772209
    22     2  2019       27.408527
    23     2  2019       28.784645
    24     2  2019       27.797989
    25     2  2019       24.528763
    26     2  2019       23.332043
    27     2  2019       28.543728
    28     2  2019       29.600050
     1     3  2019       28.730923
     2     3  2019       27.255156
     3     3  2019       23.994934
     4     3  2019       21.205822
     5     3  2019       19.347305
     6     3  2019       19.285011
     7     3  2019       22.859119
     8     3  2019       29.427401
     9     3  2019       31.253794
    10     3  2019       27.661488
    11     3  2019       27.766737
    12     3  2019       26.814571
    13     3  2019       23.339191
    14     3  2019       22.408112
    15     3  2019       31.601776
    16     3  2019       32.703495
    17     3  2019       31.457409
    18     3  2019       27.656048
    19     3  2019       25.862663
    20     3  2019       23.412447
    21     3  2019       21.677200
    22     3  2019       19.672733
    23     3  2019       18.181860
    24     3  2019       17.148800
    25     3  2019       16.344437
    26     3  2019       15.637218
    27     3  2019       15.094874
    28     3  2019       14.670507
    29     3  2019       14.385535
    30     3  2019       14.258852
    31     3  2019       14.035702
     1     4  2019       13.849451
     2     4  2019       13.648633
     3     4  2019       13.484822
     4     4  2019       13.351455
     5     4  2019       13.329441
     6     4  2019       19.391176
     7     4  2019       36.359894
     8     4  2019       56.288483
     9     4  2019       78.780479
    10     4  2019       75.576164
    11     4  2019       60.662785
    12     4  2019       50.042107
    13     4  2019       41.593372
    14     4  2019       35.251236
    15     4  2019       30.677155
    16     4  2019       29.376041
    17     4  2019       28.672691
    18     4  2019       41.257416
    19     4  2019       40.294598
    20     4  2019       32.922501
    21     4  2019       31.851261
    22     4  2019       37.224361
    23     4  2019       54.346985
    24     4  2019       56.838875
    25     4  2019       48.453167
    26     4  2019       40.894356
    27     4  2019       36.125946
    28     4  2019       37.594688
    29     4  2019       58.232849
    30     4  2019       62.003822
     1     5  2019       53.505409
     2     5  2019       45.385262
     3     5  2019       39.428219
     4     5  2019       34.745216
     5     5  2019       30.535135
     6     5  2019       27.383121
     7     5  2019       25.099241
     8     5  2019       24.654888
     9     5  2019       23.298012
    10     5  2019       21.794876
    11     5  2019       24.630175
    12     5  2019       30.270920
    13     5  2019       34.236767
    14     5  2019       31.689346
    15     5  2019       28.922600
    16     5  2019       26.292603
    17     5  2019       23.919022
    18     5  2019       23.170254
    19     5  2019       23.984791
    20     5  2019       23.013407
    21     5  2019       21.993494
    22     5  2019       20.566448
    23     5  2019       26.127045
    24     5  2019       35.352264
    25     5  2019       57.688881
    26     5  2019       64.823235
    27     5  2019       53.606205
    28     5  2019       55.589272
    29     5  2019       69.477043
    30     5  2019      108.526337
    31     5  2019      189.667664
     1     6  2019      285.677124
     2     6  2019      313.452637
     3     6  2019      287.958496
     4     6  2019      239.646042
     5     6  2019      195.738281
     6     6  2019      159.719788
     7     6  2019      131.293777
     8     6  2019      109.257591
     9     6  2019       92.089096
    10     6  2019       78.618225
    11     6  2019       67.958809
    12     6  2019       59.449272
    13     6  2019       52.597450
    14     6  2019       47.035397
    15     6  2019       42.486259
    16     6  2019       38.739166
    17     6  2019       35.632812
    18     6  2019       33.042244
    19     6  2019       30.869595
    20     6  2019       29.037117
    21     6  2019       27.482792
    22     6  2019       26.157234
    23     6  2019       25.025448
    24     6  2019       24.050468
    25     6  2019       23.198595
    26     6  2019       36.660721
    27     6  2019       57.484329
    28     6  2019      106.855423
    29     6  2019      107.856071
    30     6  2019       86.575226
     1     7  2019       73.487106
     2     7  2019       65.189034
     3     7  2019       60.167419
     4     7  2019       55.244087
     5     7  2019       50.374229
     6     7  2019       45.603031
     7     7  2019       41.044243
     8     7  2019       37.315792
     9     7  2019       34.296383
    10     7  2019       31.827539
    11     7  2019       29.788366
    12     7  2019       28.089085
    13     7  2019       26.662033
    14     7  2019       25.454971
    15     7  2019       25.539379
    16     7  2019       27.916378
    17     7  2019       27.717426
    18     7  2019       25.867624
    19     7  2019       24.320240
    20     7  2019       23.234425
    21     7  2019       22.549286
    22     7  2019       21.760649
    23     7  2019       21.093542
    24     7  2019       20.544235
    25     7  2019       20.082970
    26     7  2019       19.688932
    27     7  2019       19.767609
    28     7  2019       19.696167
    29     7  2019       19.109463
    30     7  2019       18.841923
    31     7  2019       18.742567
     1     8  2019       18.456587
     2     8  2019       18.438906
     3     8  2019       18.366245
     4     8  2019       18.090408
     5     8  2019       18.010881
     6     8  2019       17.739511
     7     8  2019       17.504295
     8     8  2019       17.307535
     9     8  2019       17.138035
    10     8  2019       16.991039
    11     8  2019       16.857979
    12     8  2019       16.734781
    13     8  2019       16.685331
    14     8  2019       16.638838
    15     8  2019       16.504993
    16     8  2019       16.432247
    17     8  2019       16.322710
    18     8  2019       16.291229
    19     8  2019       18.914227
    20     8  2019       28.994005
    21     8  2019       30.033337
    22     8  2019       25.962528
    23     8  2019       23.424261
    24     8  2019       23.245590
    25     8  2019       21.807495
    26     8  2019       20.147202
    27     8  2019       19.017719
    28     8  2019       18.206074
    29     8  2019       17.603962
    30     8  2019       17.145454
    31     8  2019       17.023344
     1     9  2019       23.136944
     2     9  2019       32.722439
     3     9  2019       46.482918
     4     9  2019       45.964668
     5     9  2019       41.308701
     6     9  2019       36.684208
     7     9  2019       33.137726
     8     9  2019       34.030415
     9     9  2019       31.160006
    10     9  2019       27.143814
    11     9  2019       24.373119
    12     9  2019       23.464193
    13     9  2019       23.274750
    14     9  2019       22.120216
    15     9  2019       20.775412
    16     9  2019       19.832695
    17     9  2019       18.931246
    18     9  2019       20.030352
    19     9  2019       30.390390
    20     9  2019       52.609711
    21     9  2019       79.505585
    22     9  2019       85.196793
    23     9  2019       73.676506
    24     9  2019       60.417488
    25     9  2019       50.551651
    26     9  2019       43.191803
    27     9  2019       37.655766
    28     9  2019       33.296143
    29     9  2019       29.902225
    30     9  2019       27.243832
     1    10  2019       25.134422
     2    10  2019       23.454878
     3    10  2019       22.223190
     4    10  2019       21.207726
     5    10  2019       20.973755
     6    10  2019       25.145500
     7    10  2019       35.193233
     8    10  2019       41.954788
     9    10  2019       40.117661
    10    10  2019       35.043125
    11    10  2019       30.241217
    12    10  2019       26.784639
    13    10  2019       24.295244
    14    10  2019       28.267815
    15    10  2019       34.988594
    16    10  2019       40.188770
    17    10  2019       40.688644
    18    10  2019       35.844898
    19    10  2019       32.132767
    20    10  2019       29.543194
    21    10  2019       27.460077
    22    10  2019       26.162037
    23    10  2019       25.407875
    24    10  2019       24.149513
    25    10  2019       22.359209
    26    10  2019       21.386101
    27    10  2019       24.477968
    28    10  2019       27.385479
    29    10  2019       34.829514
    30    10  2019       34.038891
    31    10  2019       28.828678
     1    11  2019       25.355999
     2    11  2019       22.981546
     3    11  2019       21.328739
     4    11  2019       20.223248
     5    11  2019       20.585785
     6    11  2019       26.404099
     7    11  2019       27.868450
     8    11  2019       25.628056
     9    11  2019       23.101757
    10    11  2019       25.734325
    11    11  2019       43.637112
    12    11  2019       46.231220
    13    11  2019       39.619774
    14    11  2019       35.529617
    15    11  2019       32.794907
    16    11  2019       29.392172
    17    11  2019       26.241085
    18    11  2019       23.779842
    19    11  2019       21.957279
    20    11  2019       20.593479
    21    11  2019       19.555958
    22    11  2019       18.756245
    23    11  2019       18.165272
    24    11  2019       17.912909
    25    11  2019       19.192858
    26    11  2019       21.993832
    27    11  2019       31.630447
    28    11  2019       47.113400
    29    11  2019       56.296646
    30    11  2019       50.932182
     1    12  2019       41.316540
     2    12  2019       34.970242
     3    12  2019       31.091476
     4    12  2019       28.296364
     5    12  2019       27.251661
     6    12  2019       26.421082
     7    12  2019       24.768364
     8    12  2019       23.414425
     9    12  2019       23.543232
    10    12  2019       25.285330
    11    12  2019       23.803341
    12    12  2019       21.933367
    13    12  2019       22.126295
    14    12  2019       22.010408
    15    12  2019       20.495905
    16    12  2019       21.840649
    17    12  2019       28.790869
    18    12  2019       31.296906
    19    12  2019       37.585388
    20    12  2019       36.057316
    21    12  2019       32.062981
    22    12  2019       31.463009
    23    12  2019       29.098469
    24    12  2019       25.966743
    25    12  2019       23.273272
    26    12  2019       21.405073
    27    12  2019       20.168335
    28    12  2019       19.081219
    29    12  2019       18.242985
    30    12  2019       17.598133
    31    12  2019       17.129969
     1     1  2020       17.822248
     2     1  2020       24.719299
     3     1  2020       28.466564
     4     1  2020       25.419764
     5     1  2020       26.271774
     6     1  2020       29.688427
     7     1  2020       30.881550
     8     1  2020       38.003899
     9     1  2020       37.279182
    10     1  2020       31.074108
    11     1  2020       28.565685
    12     1  2020       31.475739
    13     1  2020       30.199760
    14     1  2020       26.165316
    15     1  2020       23.348122
    16     1  2020       24.382404
    17     1  2020       29.959431
    18     1  2020       28.885788
    19     1  2020       25.098444
    20     1  2020       22.504612
    21     1  2020       20.683598
    22     1  2020       19.365734
    23     1  2020       18.389469
    24     1  2020       17.652714
    25     1  2020       17.088856
    26     1  2020       16.640482
    27     1  2020       16.283504
    28     1  2020       19.688736
    29     1  2020       29.642593
    30     1  2020       30.391796
    31     1  2020       30.269070
     1     2  2020       27.955395
     2     2  2020       25.247797
     3     2  2020       25.086716
     4     2  2020       24.207365
     5     2  2020       22.616108
     6     2  2020       30.812145
     7     2  2020       42.256306
     8     2  2020       38.240036
     9     2  2020       32.747898
    10     2  2020       30.374218
    11     2  2020       26.939812
    12     2  2020       23.927988
    13     2  2020       21.765572
    14     2  2020       20.177698
    15     2  2020       18.988682
    16     2  2020       18.080706
    17     2  2020       17.379606
    18     2  2020       16.839678
    19     2  2020       16.923803
    20     2  2020       19.058889
    21     2  2020       18.848656
    22     2  2020       18.726271
    23     2  2020       18.233145
    24     2  2020       17.278891
    25     2  2020       24.673252
    26     2  2020       56.792770
    27     2  2020       88.859421
    28     2  2020       83.743622
    29     2  2020       66.758652
     1     3  2020       54.472939
     2     3  2020       45.625916
     3     3  2020       39.197113
     4     3  2020       34.378464
     5     3  2020       30.582493
     6     3  2020       27.292545
     7     3  2020       24.771675
     8     3  2020       22.795452
     9     3  2020       21.234810
    10     3  2020       19.995253
    11     3  2020       19.005135
    12     3  2020       18.209713
    13     3  2020       17.566883
    14     3  2020       17.044106
    15     3  2020       16.616125
    16     3  2020       16.367153
    17     3  2020       17.674892
    18     3  2020       18.680222
    19     3  2020       18.615623
    20     3  2020       17.959164
    21     3  2020       17.070431
    22     3  2020       16.434036
    23     3  2020       15.974642
    24     3  2020       15.631731
    25     3  2020       15.368315
    26     3  2020       15.160769
    27     3  2020       14.993423
    28     3  2020       14.855576
    29     3  2020       14.739932
    30     3  2020       14.641992
    31     3  2020       14.555865
     1     4  2020       14.479701
     2     4  2020       14.434334
     3     4  2020       14.425398
     4     4  2020       14.366846
     5     4  2020       14.292032
     6     4  2020       15.090895
     7     4  2020       17.712339
     8     4  2020       17.705324
     9     4  2020       16.560585
    10     4  2020       15.810585
    11     4  2020       15.298299
    12     4  2020       14.934015
    13     4  2020       14.666399
    14     4  2020       15.733082
    15     4  2020       19.518766
    16     4  2020       19.524405
    17     4  2020       17.799690
    18     4  2020       16.659277
    19     4  2020       15.881010
    20     4  2020       15.329994
    21     4  2020       14.928362
    22     4  2020       14.628081
    23     4  2020       14.398342
    24     4  2020       14.218739
    25     4  2020       14.075411
    26     4  2020       13.958757
    27     4  2020       13.861976
    28     4  2020       13.781183
    29     4  2020       13.722659
    30     4  2020       13.677328
     1     5  2020       13.613277
     2     5  2020       13.557178
     3     5  2020       13.507958
     4     5  2020       13.463895
     5     5  2020       13.423667
     6     5  2020       13.546209
     7     5  2020       14.025801
     8     5  2020       13.957220
     9     5  2020       13.734833
    10     5  2020       13.577284
    11     5  2020       13.462280
    12     5  2020       13.374012
    13     5  2020       14.944597
    14     5  2020       20.179726
    15     5  2020       20.899754
    16     5  2020       18.496464
    17     5  2020       16.913616
    18     5  2020       15.850986
    19     5  2020       15.112534
    20     5  2020       14.585056
    21     5  2020       14.199037
    22     5  2020       15.412420
    23     5  2020       19.019028
    24     5  2020       18.293680
    25     5  2020       16.752357
    26     5  2020       15.717628
    27     5  2020       14.998404
    28     5  2020       14.480892
    29     5  2020       14.098608
    30     5  2020       13.809920
    31     5  2020       13.587620
     1     6  2020       14.116270
     2     6  2020       16.687258
     3     6  2020       19.685951
     4     6  2020       19.589428
     5     6  2020       19.091259
     6     6  2020       22.487919
     7     6  2020       23.578320
     8     6  2020       21.219284
     9     6  2020       34.944786
    10     6  2020       84.985107
    11     6  2020      120.778030
    12     6  2020      122.102051
    13     6  2020      108.098938
    14     6  2020       92.754478
    15     6  2020       78.505608
    16     6  2020       65.556725
    17     6  2020       55.229996
    18     6  2020       47.047737
    19     6  2020       40.562950
    20     6  2020       35.409515
    21     6  2020       31.298115
    22     6  2020       28.003899
    23     6  2020       25.353012
    24     6  2020       23.211002
    25     6  2020       22.694765
    26     6  2020       24.380207
    27     6  2020       27.075031
    28     6  2020       33.552155
    29     6  2020       31.341507
    30     6  2020       31.265680
     1     7  2020       38.420090
     2     7  2020       36.640366
     3     7  2020       31.370928
     4     7  2020       27.552891
     5     7  2020       24.722523
     6     7  2020       23.098959
     7     7  2020       23.005566
     8     7  2020       22.676868
     9     7  2020       21.735121
    10     7  2020       20.042440
    11     7  2020       18.751644
    12     7  2020       17.765211
    13     7  2020       22.201048
    14     7  2020       33.337090
    15     7  2020       32.459808
    16     7  2020       27.531487
    17     7  2020       24.518141
    18     7  2020       22.990486
    19     7  2020       21.240608
    20     7  2020       19.609589
    21     7  2020       18.386770
    22     7  2020       17.452253
    23     7  2020       16.724327
    24     7  2020       16.148592
    25     7  2020       15.687291
    26     7  2020       15.313478
    27     7  2020       15.007443
    28     7  2020       17.941483
    29     7  2020       25.640118
    30     7  2020       25.498558
    31     7  2020       22.190636
     1     8  2020       19.883186
     2     8  2020       18.297916
     3     8  2020       17.171429
     4     8  2020       16.348198
     5     8  2020       15.732397
     6     8  2020       15.262293
     7     8  2020       14.896803
     8     8  2020       14.607889
     9     8  2020       14.375969
    10     8  2020       14.187089
    11     8  2020       14.031145
    12     8  2020       14.440413
    13     8  2020       19.341522
    14     8  2020       29.176769
    15     8  2020       39.302063
    16     8  2020       63.019775
    17     8  2020       63.859989
    18     8  2020       62.364864
    19     8  2020       73.968750
    20     8  2020       82.962303
    21     8  2020       82.246399
    22     8  2020       72.734756
    23     8  2020       61.596893
    24     8  2020       52.184689
    25     8  2020       44.768547
    26     8  2020       38.905640
    27     8  2020       34.243927
    28     8  2020       30.516983
    29     8  2020       27.522186
    30     8  2020       25.104446
    31     8  2020       23.144226
     1     9  2020       21.551512
     2     9  2020       20.254440
     3     9  2020       19.189442
     4     9  2020       18.314863
     5     9  2020       17.592880
     6     9  2020       16.994064
     7     9  2020       16.495039
     8     9  2020       16.077099
     9     9  2020       15.725214
    10     9  2020       15.427302
    11     9  2020       15.173618
    12     9  2020       14.956326
    13     9  2020       14.768999
    14     9  2020       14.606472
    15     9  2020       14.464556
    16     9  2020       14.339840
    17     9  2020       14.363483
    18     9  2020       14.598243
    19     9  2020       14.458490
    20     9  2020       14.252098
    21     9  2020       14.099298
    22     9  2020       13.979451
    23     9  2020       13.881689
    24     9  2020       13.799532
    25     9  2020       13.728820
    26     9  2020       13.666748
    27     9  2020       14.995635
    28     9  2020       23.268272
    29     9  2020       36.069397
    30     9  2020       35.033173
     1    10  2020       28.571974
     2    10  2020       24.314901
     3    10  2020       21.661272
     4    10  2020       20.025463
     5    10  2020       18.415226
     6    10  2020       17.227856
     7    10  2020       17.841700
     8    10  2020       27.647751
     9    10  2020       42.035473
    10    10  2020       43.045357
    11    10  2020       36.344036
    12    10  2020       30.094852
    13    10  2020       25.798561
    14    10  2020       22.767544
    15    10  2020       20.576773
    16    10  2020       18.963589
    17    10  2020       17.754475
    18    10  2020       16.835215
    19    10  2020       16.127598
    20    10  2020       15.576395
    21    10  2020       15.142178
    22    10  2020       14.796602
    23    10  2020       14.521467
    24    10  2020       14.438214
    25    10  2020       16.376713
    26    10  2020       16.318308
    27    10  2020       15.514220
    28    10  2020       14.940987
    29    10  2020       15.427273
    30    10  2020       19.671072
    31    10  2020       24.099440
     1    11  2020       22.979788
     2    11  2020       20.121704
     3    11  2020       18.526310
     4    11  2020       18.294807
     5    11  2020       17.379805
     6    11  2020       16.276943
     7    11  2020       15.498528
     8    11  2020       14.933113
     9    11  2020       15.459825
    10    11  2020       17.241295
    11    11  2020       22.362652
    12    11  2020       40.144363
    13    11  2020       43.139275
    14    11  2020       34.267296
    15    11  2020       28.436098
    16    11  2020       27.053825
    17    11  2020       27.292225
    18    11  2020       27.227850
    19    11  2020       32.439827
    20    11  2020       33.654156
    21    11  2020       31.064671
    22    11  2020       30.110106
    23    11  2020       28.352688
    24    11  2020       24.912060
    25    11  2020       21.897675
    26    11  2020       20.136068
    27    11  2020       27.669060
    28    11  2020       46.393005
    29    11  2020       43.791969
    30    11  2020       35.705765
     1    12  2020       29.970684
     2    12  2020       25.948847
     3    12  2020       29.215023
     4    12  2020       41.416576
     5    12  2020       54.006119
     6    12  2020       81.513481
     7    12  2020       82.673592
     8    12  2020       67.834930
     9    12  2020       55.577950
    10    12  2020       48.719528
    11    12  2020       43.824043
    12    12  2020       40.226768
    13    12  2020       40.776562
    14    12  2020       37.777908
    15    12  2020       42.765732
    16    12  2020       58.848999
    17    12  2020       65.929710
    18    12  2020       70.188927
    19    12  2020       73.951561
    20    12  2020       76.605499
    21    12  2020       76.314247
    22    12  2020       64.344513
    23    12  2020       53.798260
    24    12  2020       45.692226
    25    12  2020       39.373390
    26    12  2020       34.408180
    27    12  2020       30.498501
    28    12  2020       27.721191
    29    12  2020       25.837688
    30    12  2020       26.455280
    31    12  2020       29.253117
