     1     1  2017        2.186111
     2     1  2017        8.054182
     3     1  2017        7.397748
     4     1  2017       27.435093
     5     1  2017       56.885517
     6     1  2017       66.232224
     7     1  2017       52.737175
     8     1  2017       39.852310
     9     1  2017       34.514954
    10     1  2017       25.780209
    11     1  2017       27.298702
    12     1  2017       22.227718
    13     1  2017       15.079383
    14     1  2017       12.663693
    15     1  2017       11.109894
    16     1  2017        9.888121
    17     1  2017       11.154601
    18     1  2017        9.814837
    19     1  2017        8.383049
    20     1  2017        7.464874
    21     1  2017        7.805022
    22     1  2017       19.675976
    23     1  2017       19.737400
    24     1  2017       22.539289
    25     1  2017       58.706139
    26     1  2017       60.789604
    27     1  2017       34.403152
    28     1  2017       20.593979
    29     1  2017       15.725508
    30     1  2017       15.403595
    31     1  2017       30.213127
     1     2  2017       27.067707
     2     2  2017       20.321171
     3     2  2017       30.455208
     4     2  2017       26.108603
     5     2  2017       20.924061
     6     2  2017       18.327576
     7     2  2017       13.214586
     8     2  2017       11.289507
     9     2  2017       10.086922
    10     2  2017        9.165568
    11     2  2017       20.418671
    12     2  2017       35.696873
    13     2  2017       65.758667
    14     2  2017       73.676048
    15     2  2017       46.188885
    16     2  2017       27.652105
    17     2  2017       23.044487
    18     2  2017       20.193979
    19     2  2017       17.516167
    20     2  2017       15.798187
    21     2  2017       14.439001
    22     2  2017       13.276604
    23     2  2017       36.931515
    24     2  2017       55.270218
    25     2  2017       46.159378
    26     2  2017       27.778748
    27     2  2017       20.174599
    28     2  2017       75.366783
     1     3  2017      114.876190
     2     3  2017       94.052719
     3     3  2017       75.949577
     4     3  2017       56.478699
     5     3  2017       48.090752
     6     3  2017       42.653366
     7     3  2017       38.001305
     8     3  2017       34.780293
     9     3  2017       43.675804
    10     3  2017       39.913353
    11     3  2017       32.327824
    12     3  2017       50.043327
    13     3  2017       47.705177
    14     3  2017       33.371727
    15     3  2017       28.983280
    16     3  2017       30.021160
    17     3  2017       30.377005
    18     3  2017       25.795914
    19     3  2017       22.393419
    20     3  2017       20.480938
    21     3  2017       18.912788
    22     3  2017       17.545366
    23     3  2017       16.327045
    24     3  2017       54.119354
    25     3  2017       57.464405
    26     3  2017       29.535385
    27     3  2017       22.324518
    28     3  2017       20.431095
    29     3  2017       18.711432
    30     3  2017       16.441093
    31     3  2017       15.136477
     1     4  2017       14.131016
     2     4  2017       13.299417
     3     4  2017       12.570429
     4     4  2017       15.944752
     5     4  2017       42.895737
     6     4  2017       37.743965
     7     4  2017       20.250029
     8     4  2017       16.252102
     9     4  2017       14.327972
    10     4  2017       14.164204
    11     4  2017       15.278281
    12     4  2017       14.064029
    13     4  2017       12.102785
    14     4  2017       11.240218
    15     4  2017       10.632547
    16     4  2017       10.151985
    17     4  2017        9.742352
    18     4  2017        9.381672
    19     4  2017        9.058718
    20     4  2017       18.002338
    21     4  2017       27.299746
    22     4  2017       21.816116
    23     4  2017       13.524654
    24     4  2017       11.206553
    25     4  2017       10.102924
    26     4  2017       40.695248
    27     4  2017       39.355881
    28     4  2017       19.284357
    29     4  2017       14.682262
    30     4  2017       12.651075
     1     5  2017       11.506582
     2     5  2017       11.263384
     3     5  2017       10.748933
     4     5  2017       21.104145
     5     5  2017       20.354219
     6     5  2017       13.090432
     7     5  2017       11.251037
     8     5  2017       10.373816
     9     5  2017        9.830647
    10     5  2017        9.438461
    11     5  2017        9.128139
    12     5  2017        8.868266
    13     5  2017       24.845819
    14     5  2017       23.163517
    15     5  2017       13.231640
    16     5  2017       11.080000
    17     5  2017       10.092188
    18     5  2017       63.200729
    19     5  2017      125.934174
    20     5  2017       90.593384
    21     5  2017       65.844772
    22     5  2017       56.376274
    23     5  2017       45.796551
    24     5  2017       46.056168
    25     5  2017       40.259121
    26     5  2017       38.001617
    27     5  2017      117.832527
    28     5  2017      168.998276
    29     5  2017      126.415283
    30     5  2017      123.237396
    31     5  2017      241.625305
     1     6  2017      234.575287
     2     6  2017      143.672684
     3     6  2017      114.278320
     4     6  2017      122.470306
     5     6  2017      120.341209
     6     6  2017      111.777847
     7     6  2017      102.588852
     8     6  2017       97.941071
     9     6  2017       90.683258
    10     6  2017       78.096306
    11     6  2017       71.367432
    12     6  2017       66.108856
    13     6  2017       61.557915
    14     6  2017       58.433910
    15     6  2017       54.405216
    16     6  2017       50.698090
    17     6  2017       47.611946
    18     6  2017       44.790009
    19     6  2017       49.416534
    20     6  2017       47.116844
    21     6  2017       40.594101
    22     6  2017       37.725605
    23     6  2017       35.550327
    24     6  2017       33.681751
    25     6  2017       32.002888
    26     6  2017       30.468109
    27     6  2017       29.054020
    28     6  2017       27.745829
    29     6  2017       26.532761
    30     6  2017       25.406145
     1     7  2017       24.358425
     2     7  2017       23.381418
     3     7  2017       22.468716
     4     7  2017       21.616259
     5     7  2017       20.825363
     6     7  2017       20.079514
     7     7  2017       19.382973
     8     7  2017       18.733370
     9     7  2017       18.125538
    10     7  2017       17.556576
    11     7  2017       17.023731
    12     7  2017       16.524456
    13     7  2017       16.056540
    14     7  2017       15.617676
    15     7  2017       15.205730
    16     7  2017       14.818836
    17     7  2017       16.453186
    18     7  2017       16.241928
    19     7  2017       14.572664
    20     7  2017       13.939978
    21     7  2017       13.522360
    22     7  2017       13.187082
    23     7  2017       12.894833
    24     7  2017       12.630604
    25     7  2017       12.387389
    26     7  2017       12.161140
    27     7  2017       11.949230
    28     7  2017       11.749947
    29     7  2017       11.562000
    30     7  2017       11.384345
    31     7  2017       11.216160
     1     8  2017       11.055361
     2     8  2017       31.363853
     3     8  2017       42.290680
     4     8  2017       28.816765
     5     8  2017       18.309010
     6     8  2017       15.268153
     7     8  2017       13.817771
     8     8  2017       19.967865
     9     8  2017       19.058969
    10     8  2017       14.259563
    11     8  2017       12.963669
    12     8  2017       12.314782
    13     8  2017       60.811848
    14     8  2017       59.408447
    15     8  2017       29.254322
    16     8  2017       21.826494
    17     8  2017       18.201488
    18     8  2017       16.471766
    19     8  2017       45.665771
    20     8  2017       93.120041
    21     8  2017       72.074791
    22     8  2017       38.454605
    23     8  2017       30.582153
    24     8  2017       26.990955
    25     8  2017       24.869621
    26     8  2017       23.376699
    27     8  2017       22.199230
    28     8  2017       21.201277
    29     8  2017       20.317383
    30     8  2017       19.513783
    31     8  2017       18.772144
     1     9  2017       18.083769
     2     9  2017       17.427944
     3     9  2017       16.813169
     4     9  2017       16.232597
     5     9  2017       15.686237
     6     9  2017       15.173413
     7     9  2017       14.693096
     8     9  2017       14.244007
     9     9  2017       13.824734
    10     9  2017       13.433735
    11     9  2017       13.069404
    12     9  2017       12.730217
    13     9  2017       12.414736
    14     9  2017       12.121561
    15     9  2017       11.849258
    16     9  2017       11.596416
    17     9  2017       11.361639
    18     9  2017       11.143538
    19     9  2017       10.940773
    20     9  2017       10.752071
    21     9  2017       10.576229
    22     9  2017       10.412134
    23     9  2017       11.260391
    24     9  2017       11.126701
    25     9  2017       10.376848
    26     9  2017       10.081454
    27     9  2017       22.307106
    28     9  2017       33.289494
    29     9  2017       55.843208
    30     9  2017       58.286900
     1    10  2017       40.172279
     2    10  2017       28.540436
     3    10  2017       22.370567
     4    10  2017       17.617043
     5    10  2017       15.584166
     6    10  2017       36.816673
     7    10  2017       42.963867
     8    10  2017       46.210907
     9    10  2017       64.749847
    10    10  2017      102.875473
    11    10  2017       85.728546
    12    10  2017       82.166473
    13    10  2017      123.980484
    14    10  2017      100.323906
    15    10  2017       65.314552
    16    10  2017       55.617016
    17    10  2017       49.888794
    18    10  2017       45.595886
    19    10  2017       42.190704
    20    10  2017       39.086983
    21    10  2017      169.358276
    22    10  2017      165.171600
    23    10  2017       88.788223
    24    10  2017       71.775925
    25    10  2017       78.090858
    26    10  2017       74.330956
    27    10  2017       74.760605
    28    10  2017       67.842339
    29    10  2017      152.389969
    30    10  2017      163.828796
    31    10  2017      105.334778
     1    11  2017       81.636230
     2    11  2017       71.723419
     3    11  2017       79.888138
     4    11  2017      145.295410
     5    11  2017      129.444901
     6    11  2017       83.891571
     7    11  2017       71.822815
     8    11  2017       64.286942
     9    11  2017       58.387642
    10    11  2017       92.131058
    11    11  2017       85.549210
    12    11  2017       60.277664
    13    11  2017       52.842419
    14    11  2017       47.893063
    15    11  2017       43.907547
    16    11  2017       43.955524
    17    11  2017       42.406857
    18    11  2017      170.014297
    19    11  2017      168.857056
    20    11  2017       86.490265
    21    11  2017       83.948875
    22    11  2017       74.708733
    23    11  2017       60.387993
    24    11  2017       54.192745
    25    11  2017       67.182861
    26    11  2017       63.789352
    27    11  2017       49.682640
    28    11  2017       44.315712
    29    11  2017       40.628323
    30    11  2017       37.579731
     1    12  2017       34.913490
     2    12  2017       32.533493
     3    12  2017       30.902002
     4    12  2017       35.993729
     5    12  2017       32.722424
     6    12  2017       28.915276
     7    12  2017       49.703808
     8    12  2017       46.549282
     9    12  2017       30.692017
    10    12  2017       26.357832
    11    12  2017       23.974449
    12    12  2017       22.303288
    13    12  2017       20.979622
    14    12  2017       19.869480
    15    12  2017       42.139370
    16    12  2017       43.611824
    17    12  2017       32.583252
    18    12  2017       28.620775
    19    12  2017       22.181679
    20    12  2017       26.306032
    21    12  2017       24.211033
    22    12  2017       20.386848
    23    12  2017       33.091568
    24    12  2017       33.946232
    25    12  2017       24.431498
    26    12  2017       19.598362
    27    12  2017       21.956507
    28    12  2017       64.445679
    29    12  2017       85.538170
    30    12  2017       69.397263
    31    12  2017       55.094666
     1     1  2018       47.267151
     2     1  2018       39.996704
     3     1  2018       32.098755
     4     1  2018       26.382259
     5     1  2018       23.796549
     6     1  2018       37.367352
     7     1  2018       37.048878
     8     1  2018       25.577568
     9     1  2018       25.439137
    10     1  2018       67.685333
    11     1  2018       82.383163
    12     1  2018       86.923790
    13     1  2018       85.161270
    14     1  2018       72.768456
    15     1  2018       56.060791
    16     1  2018       65.279091
    17     1  2018      107.662491
    18     1  2018       91.602005
    19     1  2018       58.471710
    20     1  2018       59.264351
    21     1  2018       78.674988
    22     1  2018       87.319336
    23     1  2018       70.819511
    24     1  2018       80.342819
    25     1  2018       90.996384
    26     1  2018       71.689285
    27     1  2018       55.709831
    28     1  2018       81.706421
    29     1  2018       84.408867
    30     1  2018       61.917969
    31     1  2018       51.423553
     1     2  2018       46.528679
     2     2  2018       42.769054
     3     2  2018       39.565742
     4     2  2018       36.728622
     5     2  2018       34.180096
     6     2  2018       31.879208
     7     2  2018       45.812679
     8     2  2018       45.040321
     9     2  2018       33.225365
    10     2  2018       45.176132
    11     2  2018       48.945328
    12     2  2018       37.246815
    13     2  2018       29.717690
    14     2  2018       26.580494
    15     2  2018       24.643578
    16     2  2018       23.107677
    17     2  2018       21.830757
    18     2  2018       21.674576
    19     2  2018       32.421490
    20     2  2018       31.302238
    21     2  2018       24.492424
    22     2  2018       22.044987
    23     2  2018       19.347164
    24     2  2018       18.047535
    25     2  2018       17.126421
    26     2  2018       31.146603
    27     2  2018       38.731319
    28     2  2018       27.670696
     1     3  2018       25.635664
     2     3  2018       27.716160
     3     3  2018       48.179321
     4     3  2018       47.481873
     5     3  2018       31.881817
     6     3  2018       33.409698
     7     3  2018       27.033468
     8     3  2018       21.754913
     9     3  2018       19.988850
    10     3  2018       26.541172
    11     3  2018       25.795563
    12     3  2018       19.795776
    13     3  2018       17.993137
    14     3  2018       45.855797
    15     3  2018       55.173119
    16     3  2018       34.586216
    17     3  2018       27.854649
    18     3  2018       26.136181
    19     3  2018       26.599176
    20     3  2018       78.153839
    21     3  2018       75.780533
    22     3  2018       39.618919
    23     3  2018       30.958664
    24     3  2018       79.445572
    25     3  2018      153.379929
    26     3  2018      134.813171
    27     3  2018       89.982681
    28     3  2018       73.966087
    29     3  2018       69.363731
    30     3  2018       64.309792
    31     3  2018       69.565239
     1     4  2018       92.563019
     2     4  2018       84.226646
     3     4  2018       61.031471
     4     4  2018       53.750744
     5     4  2018       49.348705
     6     4  2018       45.901146
     7     4  2018       42.914322
     8     4  2018       40.226410
     9     4  2018       37.774940
    10     4  2018       35.528957
    11     4  2018       33.468636
    12     4  2018       31.578484
    13     4  2018       29.884516
    14     4  2018       28.299389
    15     4  2018       29.248810
    16     4  2018       28.053925
    17     4  2018       25.338280
    18     4  2018       23.808180
    19     4  2018       22.626001
    20     4  2018       21.604961
    21     4  2018       22.189812
    22     4  2018       21.548931
    23     4  2018       19.732212
    24     4  2018       18.778349
    25     4  2018       18.040119
    26     4  2018       17.402931
    27     4  2018       16.830715
    28     4  2018       16.309216
    29     4  2018       15.830999
    30     4  2018       15.390626
     1     5  2018       14.985222
     2     5  2018       14.621731
     3     5  2018       15.247224
     4     5  2018       14.534280
     5     5  2018       13.816605
     6     5  2018       15.638200
     7     5  2018       14.575003
     8     5  2018       13.339615
     9     5  2018       12.994309
    10     5  2018       12.731133
    11     5  2018       12.508593
    12     5  2018       12.310314
    13     5  2018       12.129387
    14     5  2018       11.962361
    15     5  2018       25.109001
    16     5  2018       23.750872
    17     5  2018       15.593431
    18     5  2018       46.271194
    19     5  2018       46.701584
    20     5  2018       25.486359
    21     5  2018       19.121161
    22     5  2018       16.637924
    23     5  2018       15.304532
    24     5  2018       14.468564
    25     5  2018       13.887331
    26     5  2018       13.451227
    27     5  2018       13.104046
    28     5  2018       12.814552
    29     5  2018       12.564434
    30     5  2018       12.342522
    31     5  2018       12.141790
     1     6  2018       15.067360
     2     6  2018       20.412937
     3     6  2018       17.944202
     4     6  2018       20.802021
     5     6  2018       23.723003
     6     6  2018       18.291088
     7     6  2018       14.561823
     8     6  2018       13.373720
     9     6  2018       12.702949
    10     6  2018       12.285746
    11     6  2018       37.125824
    12     6  2018       68.861931
    13     6  2018       48.830059
    14     6  2018       27.966347
    15     6  2018       22.571590
    16     6  2018       19.573675
    17     6  2018       17.802155
    18     6  2018       16.628712
    19     6  2018       15.864883
    20     6  2018       15.307828
    21     6  2018       14.861532
    22     6  2018       14.483124
    23     6  2018       14.149673
    24     6  2018       14.570498
    25     6  2018       21.241772
    26     6  2018       43.302063
    27     6  2018       61.552303
    28     6  2018       50.291069
    29     6  2018       37.431496
    30     6  2018       29.818024
     1     7  2018       23.980810
     2     7  2018       21.593960
     3     7  2018       20.318325
     4     7  2018       19.453154
     5     7  2018       18.755886
     6     7  2018       18.143890
     7     7  2018       17.613403
     8     7  2018       17.522503
     9     7  2018       17.138840
    10     7  2018       16.435139
    11     7  2018       15.965010
    12     7  2018       15.560671
    13     7  2018       15.188824
    14     7  2018       14.839836
    15     7  2018       14.510020
    16     7  2018       14.197699
    17     7  2018       13.901820
    18     7  2018       13.621502
    19     7  2018       13.355957
    20     7  2018       13.104493
    21     7  2018       12.922592
    22     7  2018       12.710747
    23     7  2018       12.455707
    24     7  2018       12.270413
    25     7  2018       12.153434
    26     7  2018       11.961419
    27     7  2018       11.734146
    28     7  2018       11.556786
    29     7  2018       11.396958
    30     7  2018       11.248166
    31     7  2018       11.108158
     1     8  2018       10.974398
     2     8  2018       10.844280
     3     8  2018       16.468235
     4     8  2018       15.926752
     5     8  2018       12.267289
     6     8  2018       11.396791
     7     8  2018       10.966433
     8     8  2018       22.768314
     9     8  2018       22.636856
    10     8  2018       14.634515
    11     8  2018       12.598277
    12     8  2018       11.692501
    13     8  2018       11.176735
    14     8  2018       10.836637
    15     8  2018       10.589422
    16     8  2018       10.396550
    17     8  2018       10.237753
    18     8  2018       10.101498
    19     8  2018        9.980894
    20     8  2018       14.715302
    21     8  2018       34.289623
    22     8  2018       45.050690
    23     8  2018       30.598803
    24     8  2018       64.215126
    25     8  2018       58.695229
    26     8  2018       28.882517
    27     8  2018       21.943405
    28     8  2018       18.802061
    29     8  2018       17.033371
    30     8  2018       15.887116
    31     8  2018       15.736368
     1     9  2018       62.003937
     2     9  2018      119.297714
     3     9  2018      136.107300
     4     9  2018       97.604980
     5     9  2018       60.078285
     6     9  2018       50.098751
     7     9  2018       45.032314
     8     9  2018       41.571014
     9     9  2018       38.788284
    10     9  2018       36.370514
    11     9  2018       34.194405
    12     9  2018       32.204899
    13     9  2018       36.075333
    14     9  2018       48.620678
    15     9  2018       52.062141
    16     9  2018       42.288246
    17     9  2018       50.354195
    18     9  2018       46.936073
    19     9  2018       34.452991
    20     9  2018       31.141842
    21     9  2018       29.103558
    22     9  2018       27.146959
    23     9  2018       25.643261
    24     9  2018       51.852364
    25     9  2018       50.056801
    26     9  2018       55.423313
    27     9  2018       51.327805
    28     9  2018       34.468773
    29     9  2018       29.982422
    30     9  2018       34.508156
     1    10  2018       34.304100
     2    10  2018       63.724525
     3    10  2018       98.716194
     4    10  2018       76.327667
     5    10  2018       48.385254
     6    10  2018       49.785355
     7    10  2018       99.618454
     8    10  2018       94.399216
     9    10  2018       73.208740
    10    10  2018       70.472656
    11    10  2018       58.385117
    12    10  2018       50.392883
    13    10  2018      135.584396
    14    10  2018      302.659393
    15    10  2018      278.216034
    16    10  2018      165.104935
    17    10  2018      136.727386
    18    10  2018      222.263718
    19    10  2018      206.029907
    20    10  2018      136.182816
    21    10  2018      115.203354
    22    10  2018      102.069122
    23    10  2018       91.955284
    24    10  2018      118.952850
    25    10  2018      109.248398
    26    10  2018      104.764656
    27    10  2018       98.087448
    28    10  2018       78.313538
    29    10  2018       69.763908
    30    10  2018       63.640625
    31    10  2018       88.921799
     1    11  2018       90.792732
     2    11  2018       67.384132
     3    11  2018       65.355934
     4    11  2018       60.762978
     5    11  2018       51.162010
     6    11  2018       46.386047
     7    11  2018       42.794235
     8    11  2018       39.749924
     9    11  2018       37.057846
    10    11  2018       34.640518
    11    11  2018       32.455040
    12    11  2018       30.472523
    13    11  2018       28.672598
    14    11  2018       35.491169
    15    11  2018       34.748085
    16    11  2018       27.977875
    17    11  2018       25.283230
    18    11  2018       28.983988
    19    11  2018       28.126108
    20    11  2018       23.308710
    21    11  2018       21.366444
    22    11  2018       20.088711
    23    11  2018       24.118443
    24    11  2018       30.047411
    25    11  2018       26.420162
    26    11  2018       20.518013
    27    11  2018       18.495831
    28    11  2018       17.373737
    29    11  2018       23.085953
    30    11  2018       56.868828
     1    12  2018       55.236492
     2    12  2018       30.418064
     3    12  2018       23.507343
     4    12  2018       20.339191
     5    12  2018       18.508629
     6    12  2018       17.288147
     7    12  2018       16.394291
     8    12  2018       15.694663
     9    12  2018       15.119781
    10    12  2018       14.630181
    11    12  2018       14.278825
    12    12  2018       13.902061
    13    12  2018       14.010178
    14    12  2018       13.730322
    15    12  2018       13.182455
    16    12  2018       15.440874
    17    12  2018       15.328279
    18    12  2018       21.971111
    19    12  2018       21.644098
    20    12  2018       18.828779
    21    12  2018       20.552593
    22    12  2018       18.011688
    23    12  2018       14.751513
    24    12  2018       16.124510
    25    12  2018       15.664177
    26    12  2018       31.541992
    27    12  2018       35.388855
    28    12  2018       23.026499
    29    12  2018       17.189194
    30    12  2018       14.784842
    31    12  2018       15.938945
     1     1  2019       15.403618
     2     1  2019       13.668395
     3     1  2019       18.853817
     4     1  2019       28.489403
     5     1  2019       26.189228
     6     1  2019       19.919668
     7     1  2019       22.367882
     8     1  2019       20.557760
     9     1  2019       15.781826
    10     1  2019       14.315353
    11     1  2019       14.357189
    12     1  2019       15.376612
    13     1  2019       46.879559
    14     1  2019       58.082466
    15     1  2019       57.240967
    16     1  2019       48.039436
    17     1  2019       37.084862
    18     1  2019       35.455360
    19     1  2019       31.769524
    20     1  2019       26.580256
    21     1  2019       21.085539
    22     1  2019       18.708294
    23     1  2019       17.203800
    24     1  2019       47.707191
    25     1  2019       51.186508
    26     1  2019       28.162975
    27     1  2019       21.454567
    28     1  2019       18.648117
    29     1  2019       17.044872
    30     1  2019       20.464298
    31     1  2019       21.177839
     1     2  2019       17.267361
     2     2  2019       16.379913
     3     2  2019       23.864838
     4     2  2019       23.425915
     5     2  2019       16.674196
     6     2  2019       14.595866
     7     2  2019       14.337259
     8     2  2019       13.730504
     9     2  2019       12.810036
    10     2  2019       12.200386
    11     2  2019       12.683507
    12     2  2019       12.387384
    13     2  2019       11.380598
    14     2  2019       10.927450
    15     2  2019       82.343170
    16     2  2019      101.348549
    17     2  2019       53.538319
    18     2  2019       84.531982
    19     2  2019       88.074646
    20     2  2019       59.529144
    21     2  2019       46.988289
    22     2  2019       38.533554
    23     2  2019       47.348118
    24     2  2019       43.985836
    25     2  2019       74.784386
    26     2  2019       76.143501
    27     2  2019       45.412979
    28     2  2019       37.087776
     1     3  2019       32.936066
     2     3  2019       30.165840
     3     3  2019       27.970556
     4     3  2019       26.094069
     5     3  2019       24.661779
     6     3  2019       29.562206
     7     3  2019       65.734375
     8     3  2019       66.544846
     9     3  2019       67.809692
    10     3  2019       62.737648
    11     3  2019       39.857109
    12     3  2019       98.194855
    13     3  2019      108.202545
    14     3  2019       65.879639
    15     3  2019       51.410118
    16     3  2019       46.877914
    17     3  2019       45.121658
    18     3  2019       57.009892
    19     3  2019       55.013916
    20     3  2019       41.088470
    21     3  2019       36.308189
    22     3  2019       41.218666
    23     3  2019       39.992863
    24     3  2019       32.682976
    25     3  2019       29.706451
    26     3  2019       29.380529
    27     3  2019       27.651024
    28     3  2019       25.125704
    29     3  2019       23.588787
    30     3  2019       22.286846
    31     3  2019       21.132072
     1     4  2019       20.085711
     2     4  2019       19.166315
     3     4  2019       18.313332
     4     4  2019       19.374102
     5     4  2019       40.711956
     6     4  2019       85.906609
     7     4  2019       86.499313
     8     4  2019       56.564941
     9     4  2019       39.237656
    10     4  2019       31.395401
    11     4  2019       27.967522
    12     4  2019       25.817936
    13     4  2019       24.243389
    14     4  2019       22.972935
    15     4  2019       21.884636
    16     4  2019       56.327332
    17     4  2019       58.635086
    18     4  2019       33.980728
    19     4  2019       27.781460
    20     4  2019       25.351456
    21     4  2019       41.457962
    22     4  2019       43.590446
    23     4  2019       31.167957
    24     4  2019       25.906898
    25     4  2019       23.656836
    26     4  2019       22.233047
    27     4  2019       43.702080
    28     4  2019       72.849525
    29     4  2019       59.110657
    30     4  2019       36.201977
     1     5  2019       50.887871
     2     5  2019       47.384670
     3     5  2019       33.298264
     4     5  2019       29.516357
     5     5  2019       27.403677
     6     5  2019      100.976135
     7     5  2019      109.310654
     8     5  2019       58.193676
     9     5  2019       46.164597
    10     5  2019       41.611511
    11     5  2019       51.982101
    12     5  2019       51.329025
    13     5  2019       52.167625
    14     5  2019       49.365364
    15     5  2019       40.004196
    16     5  2019       36.703621
    17     5  2019       34.551552
    18     5  2019       32.815090
    19     5  2019       31.283344
    20     5  2019       29.880920
    21     5  2019       28.578529
    22     5  2019       29.730042
    23     5  2019       40.020912
    24     5  2019       41.229462
    25     5  2019       32.878883
    26     5  2019       28.047157
    27     5  2019       26.030975
    28     5  2019      115.697845
    29     5  2019      118.593903
    30     5  2019      178.549011
    31     5  2019      286.877106
     1     6  2019      228.131836
     2     6  2019      144.142395
     3     6  2019      114.128494
     4     6  2019      100.147461
     5     6  2019       90.802994
     6     6  2019       83.444374
     7     6  2019       77.199783
     8     6  2019       71.724937
     9     6  2019       66.846817
    10     6  2019       62.461754
    11     6  2019       58.498726
    12     6  2019       54.904190
    13     6  2019       51.635201
    14     6  2019       48.655846
    15     6  2019       45.935379
    16     6  2019       43.447002
    17     6  2019       41.167221
    18     6  2019       39.075256
    19     6  2019       37.152672
    20     6  2019       35.383099
    21     6  2019       33.751957
    22     6  2019       32.246262
    23     6  2019       30.854424
    24     6  2019       29.566057
    25     6  2019       28.371906
    26     6  2019       66.710083
    27     6  2019       66.277214
    28     6  2019       40.631798
    29     6  2019       34.575344
    30     6  2019       31.733936
     1     7  2019       59.930805
     2     7  2019       63.800903
     3     7  2019       44.516396
     4     7  2019       36.776596
     5     7  2019       33.672092
     6     7  2019       31.811018
     7     7  2019       30.411556
     8     7  2019       29.227633
     9     7  2019       28.165047
    10     7  2019       27.182819
    11     7  2019       26.261524
    12     7  2019       25.391369
    13     7  2019       24.567043
    14     7  2019       24.125294
    15     7  2019       25.059467
    16     7  2019       23.927895
    17     7  2019       22.326241
    18     7  2019       21.518005
    19     7  2019       20.840580
    20     7  2019       20.232485
    21     7  2019       19.671556
    22     7  2019       19.147243
    23     7  2019       18.654449
    24     7  2019       18.189888
    25     7  2019       17.751194
    26     7  2019       17.336487
    27     7  2019       16.944189
    28     7  2019       16.572891
    29     7  2019       16.221323
    30     7  2019       22.524405
    31     7  2019       21.815090
     1     8  2019       17.470078
     2     8  2019       16.348261
     3     8  2019       15.705438
     4     8  2019       15.216314
     5     8  2019       14.837349
     6     8  2019       14.515110
     7     8  2019       14.280523
     8     8  2019       13.996831
     9     8  2019       13.733707
    10     8  2019       13.505585
    11     8  2019       13.292353
    12     8  2019       13.091540
    13     8  2019       12.901647
    14     8  2019       12.721600
    15     8  2019       12.550545
    16     8  2019       12.387766
    17     8  2019       12.232643
    18     8  2019       16.475300
    19     8  2019       25.512650
    20     8  2019       22.862946
    21     8  2019       15.901973
    22     8  2019       18.837576
    23     8  2019       18.281109
    24     8  2019       14.431826
    25     8  2019       13.239983
    26     8  2019       12.640768
    27     8  2019       12.258077
    28     8  2019       11.977922
    29     8  2019       11.754823
    30     8  2019       11.566944
    31     8  2019       13.212395
     1     9  2019       13.283459
     2     9  2019       11.959446
     3     9  2019       11.429455
     4     9  2019       11.150394
     5     9  2019       11.041978
     6     9  2019       21.620377
     7     9  2019       22.133862
     8     9  2019       14.514349
     9     9  2019       12.599473
    10     9  2019       11.762556
    11     9  2019       11.290710
    12     9  2019       11.064348
    13     9  2019       10.842509
    14     9  2019       10.597717
    15     9  2019       10.427259
    16     9  2019       10.285889
    17     9  2019       10.161465
    18     9  2019       15.106800
    19     9  2019       40.241455
    20     9  2019       56.464470
    21     9  2019       37.873966
    22     9  2019       21.283222
    23     9  2019       16.723991
    24     9  2019       14.607090
    25     9  2019       13.343114
    26     9  2019       12.523048
    27     9  2019       11.963061
    28     9  2019       11.548066
    29     9  2019       11.224083
    30     9  2019       10.960037
     1    10  2019       10.731236
     2    10  2019       12.869690
     3    10  2019       12.527910
     4    10  2019       10.903532
     5    10  2019       15.773312
     6    10  2019       32.315113
     7    10  2019       28.388687
     8    10  2019       16.497738
     9    10  2019       13.498430
    10    10  2019       12.134553
    11    10  2019       11.360931
    12    10  2019       10.857240
    13    10  2019       12.268268
    14    10  2019       19.032204
    15    10  2019       18.139812
    16    10  2019       13.217113
    17    10  2019       23.602818
    18    10  2019       23.992958
    19    10  2019       14.996424
    20    10  2019       13.341626
    21    10  2019       23.450430
    22    10  2019       22.986433
    23    10  2019       14.625115
    24    10  2019       12.409679
    25    10  2019       11.388414
    26    10  2019       10.767183
    27    10  2019       38.970848
    28    10  2019       38.391804
    29    10  2019       19.728155
    30    10  2019       20.933895
    31    10  2019       21.769672
     1    11  2019       16.646702
     2    11  2019       17.026995
     3    11  2019       16.775639
     4    11  2019       17.610836
     5    11  2019       44.574326
     6    11  2019       41.649517
     7    11  2019       21.403763
     8    11  2019       16.416950
     9    11  2019       72.522148
    10    11  2019       91.473030
    11    11  2019       51.624802
    12    11  2019       30.868555
    13    11  2019       25.617836
    14    11  2019       39.612797
    15    11  2019       35.997787
    16    11  2019       23.837128
    17    11  2019       20.478931
    18    11  2019       18.592632
    19    11  2019       17.266973
    20    11  2019       16.221214
    21    11  2019       15.345375
    22    11  2019       14.587672
    23    11  2019       14.789119
    24    11  2019       13.911804
    25    11  2019       12.961057
    26    11  2019       46.145565
    27    11  2019       84.520523
    28    11  2019       63.227676
    29    11  2019       32.554081
    30    11  2019       24.510727
     1    12  2019       26.274818
     2    12  2019       24.775650
     3    12  2019       19.482372
     4    12  2019       54.462112
     5    12  2019       55.422977
     6    12  2019       32.144547
     7    12  2019       24.057495
     8    12  2019       24.005177
     9    12  2019       42.265232
    10    12  2019       41.301445
    11    12  2019       47.440269
    12    12  2019       51.943283
    13    12  2019       36.500439
    14    12  2019       26.371780
    15    12  2019       31.363522
    16    12  2019       46.814613
    17    12  2019       86.445419
    18    12  2019       73.624603
    19    12  2019       41.264587
    20    12  2019       33.066902
    21    12  2019       29.235645
    22    12  2019       26.672655
    23    12  2019       24.695164
    24    12  2019       23.030716
    25    12  2019       21.572140
    26    12  2019       20.269650
    27    12  2019       19.097618
    28    12  2019       18.038960
    29    12  2019       17.080986
    30    12  2019       16.214409
    31    12  2019       16.563850
     1     1  2020       29.862202
     2     1  2020       28.983437
     3     1  2020       19.073673
     4     1  2020       45.932365
     5     1  2020       47.211636
     6     1  2020       25.511021
     7     1  2020       19.883532
     8     1  2020       17.385689
     9     1  2020       88.844971
    10     1  2020      102.848282
    11     1  2020       59.022820
    12     1  2020       42.350063
    13     1  2020       31.913258
    14     1  2020       27.695053
    15     1  2020       25.139820
    16     1  2020       31.517593
    17     1  2020       30.153082
    18     1  2020       23.453012
    19     1  2020       21.106756
    20     1  2020       19.579268
    21     1  2020       18.376968
    22     1  2020       17.757954
    23     1  2020       16.918690
    24     1  2020       16.363447
    25     1  2020       15.610554
    26     1  2020       14.568661
    27     1  2020       13.883700
    28     1  2020       14.237539
    29     1  2020       27.210588
    30     1  2020       57.896214
    31     1  2020       48.718155
     1     2  2020       25.460772
     2     2  2020       19.623959
     3     2  2020       17.617599
     4     2  2020       15.881271
     5     2  2020       14.626887
     6     2  2020       26.648222
     7     2  2020       31.313646
     8     2  2020       21.900509
     9     2  2020       24.525219
    10     2  2020       22.144424
    11     2  2020       16.057343
    12     2  2020       14.342182
    13     2  2020       13.364052
    14     2  2020       12.640545
    15     2  2020       12.102604
    16     2  2020       11.665028
    17     2  2020       11.293114
    18     2  2020       11.060043
    19     2  2020       10.877270
    20     2  2020       10.531117
    21     2  2020       10.228295
    22     2  2020        9.999298
    23     2  2020        9.798349
    24     2  2020       14.579777
    25     2  2020       73.843689
    26     2  2020       96.063293
    27     2  2020       54.926590
    28     2  2020       30.013756
    29     2  2020       22.657093
     1     3  2020       19.129276
     2     3  2020       17.063143
     3     3  2020       15.687658
     4     3  2020       14.682531
     5     3  2020       13.900679
     6     3  2020       13.264914
     7     3  2020       12.787459
     8     3  2020       12.330385
     9     3  2020       11.892103
    10     3  2020       11.512984
    11     3  2020       11.176200
    12     3  2020       10.873771
    13     3  2020       10.600267
    14     3  2020       10.351713
    15     3  2020       10.125311
    16     3  2020        9.918179
    17     3  2020        9.727688
    18     3  2020       20.649149
    19     3  2020       20.860125
    20     3  2020       13.202328
    21     3  2020       11.297333
    22     3  2020       10.428608
    23     3  2020        9.923586
    24     3  2020        9.582540
    25     3  2020        9.329163
    26     3  2020        9.128145
    27     3  2020        8.960888
    28     3  2020        8.816717
    29     3  2020       13.651442
    30     3  2020       12.555784
    31     3  2020       11.189936
     1     4  2020       10.139578
     2     4  2020        9.481730
     3     4  2020        9.222839
     4     4  2020        8.676927
     5     4  2020        8.437818
     6     4  2020       21.656319
     7     4  2020       21.494207
     8     4  2020       12.526231
     9     4  2020       10.424543
    10     4  2020        9.505930
    11     4  2020        8.999863
    12     4  2020        8.677266
    13     4  2020        8.957629
    14     4  2020       22.602093
    15     4  2020       21.551897
    16     4  2020       12.447418
    17     4  2020       10.376402
    18     4  2020        9.456212
    19     4  2020        8.943024
    20     4  2020        8.613155
    21     4  2020        8.380228
    22     4  2020        8.204039
    23     4  2020        8.063374
    24     4  2020        7.946109
    25     4  2020        7.844925
    26     4  2020        7.755219
    27     4  2020        7.674010
    28     4  2020        7.599302
    29     4  2020        7.529906
    30     4  2020        7.464701
     1     5  2020        9.246363
     2     5  2020        9.061972
     3     5  2020        7.860312
     4     5  2020        7.554667
     5     5  2020        8.108461
     6     5  2020        8.235500
     7     5  2020        7.659323
     8     5  2020        7.327594
     9     5  2020        7.197723
    10     5  2020        7.107440
    11     5  2020        7.036616
    12     5  2020        7.775753
    13     5  2020       13.841629
    14     5  2020       13.240095
    15     5  2020        9.014246
    16     5  2020        7.988238
    17     5  2020        7.533254
    18     5  2020        7.278162
    19     5  2020        7.112106
    20     5  2020        6.992662
    21     5  2020        6.900233
    22     5  2020       53.394905
    23     5  2020       52.169853
    24     5  2020       21.865238
    25     5  2020       15.055950
    26     5  2020       12.163740
    27     5  2020       10.640688
    28     5  2020        9.725473
    29     5  2020        9.126043
    30     5  2020        8.707516
    31     5  2020        8.399436
     1     6  2020        9.944666
     2     6  2020        9.871496
     3     6  2020        8.646631
     4     6  2020       10.318401
     5     6  2020       33.266628
     6     6  2020       30.073174
     7     6  2020       15.162881
     8     6  2020       11.829126
     9     6  2020       56.438667
    10     6  2020       99.078842
    11     6  2020      139.917435
    12     6  2020      104.011246
    13     6  2020       61.791779
    14     6  2020       51.598999
    15     6  2020       45.168922
    16     6  2020       41.535332
    17     6  2020       38.711647
    18     6  2020       36.286953
    19     6  2020       34.116978
    20     6  2020       32.139584
    21     6  2020       30.325085
    22     6  2020       28.655220
    23     6  2020       27.116634
    24     6  2020       25.698280
    25     6  2020       58.421516
    26     6  2020       59.238449
    27     6  2020       53.985413
    28     6  2020       48.059296
    29     6  2020       39.098095
    30     6  2020       87.368431
     1     7  2020       85.433868
     2     7  2020       52.451931
     3     7  2020       44.899197
     4     7  2020       41.229660
     5     7  2020       40.271301
     6     7  2020       74.294983
     7     7  2020       75.445007
     8     7  2020       76.261795
     9     7  2020       68.051933
    10     7  2020       52.356049
    11     7  2020       51.927582
    12     7  2020       47.888401
    13     7  2020       49.770058
    14     7  2020       47.820938
    15     7  2020       41.692665
    16     7  2020       38.866581
    17     7  2020       57.340652
    18     7  2020       57.001225
    19     7  2020       41.813862
    20     7  2020       37.307297
    21     7  2020       34.710861
    22     7  2020       32.735977
    23     7  2020       31.039711
    24     7  2020       29.509615
    25     7  2020       28.101402
    26     7  2020       26.794315
    27     7  2020       25.576740
    28     7  2020       36.511890
    29     7  2020       35.564060
    30     7  2020       27.061169
    31     7  2020       24.583920
     1     8  2020       23.118748
     2     8  2020       21.996330
     3     8  2020       21.032158
     4     8  2020       20.161512
     5     8  2020       19.359375
     6     8  2020       18.613605
     7     8  2020       17.917381
     8     8  2020       17.266298
     9     8  2020       16.657074
    10     8  2020       16.086998
    11     8  2020       15.553667
    12     8  2020       57.110191
    13     8  2020       90.720032
    14     8  2020       93.974518
    15     8  2020       84.215767
    16     8  2020       62.712189
    17     8  2020       44.896973
    18     8  2020       98.730652
    19     8  2020      103.822838
    20     8  2020       66.259789
    21     8  2020       54.563267
    22     8  2020       49.727013
    23     8  2020       46.417961
    24     8  2020       43.657600
    25     8  2020       41.168358
    26     8  2020       38.861935
    27     8  2020       36.707756
    28     8  2020       34.693661
    29     8  2020       32.813034
    30     8  2020       31.060440
    31     8  2020       29.430248
     1     9  2020       27.918053
     2     9  2020       26.499861
     3     9  2020       25.212914
     4     9  2020       23.992409
     5     9  2020       22.829037
     6     9  2020       21.764153
     7     9  2020       20.780128
     8     9  2020       19.869797
     9     9  2020       19.027714
    10     9  2020       18.248941
    11     9  2020       17.528837
    12     9  2020       16.863022
    13     9  2020       16.247375
    14     9  2020       15.678045
    15     9  2020       15.151434
    16     9  2020       15.298889
    17     9  2020       31.970703
    18     9  2020       31.541742
    19     9  2020       19.670525
    20     9  2020       16.703991
    21     9  2020       15.311407
    22     9  2020       14.457602
    23     9  2020       13.842064
    24     9  2020       13.353935
    25     9  2020       12.943880
    26     9  2020       12.586798
    27     9  2020       36.693855
    28     9  2020       54.240330
    29     9  2020       36.768532
    30     9  2020       22.541466
     1    10  2020       18.394342
     2    10  2020       16.224262
     3    10  2020       17.512302
     4    10  2020       16.966518
     5    10  2020       14.595346
     6    10  2020       13.640961
     7    10  2020       13.094721
     8    10  2020       36.490742
     9    10  2020       47.071144
    10    10  2020       31.791256
    11    10  2020       20.233856
    12    10  2020       16.970219
    13    10  2020       15.315250
    14    10  2020       14.279255
    15    10  2020       13.540670
    16    10  2020       12.968643
    17    10  2020       12.500599
    18    10  2020       12.102940
    19    10  2020       11.756308
    20    10  2020       11.448780
    21    10  2020       11.172594
    22    10  2020       10.922359
    23    10  2020       10.694115
    24    10  2020       14.774647
    25    10  2020       15.542043
    26    10  2020       12.213496
    27    10  2020       11.034528
    28    10  2020       10.477955
    29    10  2020       15.690851
    30    10  2020       17.439657
    31    10  2020       13.351900
     1    11  2020       11.132938
     2    11  2020       10.372600
     3    11  2020       13.766106
     4    11  2020       13.570675
     5    11  2020       10.769178
     6    11  2020        9.977392
     7    11  2020        9.573029
     8    11  2020        9.553973
     9    11  2020       17.883318
    10    11  2020       20.812775
    11    11  2020       32.498817
    12    11  2020       29.568878
    13    11  2020       16.766380
    14    11  2020       13.150400
    15    11  2020       41.152184
    16    11  2020       40.637840
    17    11  2020       20.621059
    18    11  2020       27.055277
    19    11  2020       43.224449
    20    11  2020       36.202835
    21    11  2020       22.983585
    22    11  2020       18.107761
    23    11  2020       14.734428
    24    11  2020       13.194079
    25    11  2020       12.244022
    26    11  2020       16.362526
    27    11  2020       35.314358
    28    11  2020       38.541912
    29    11  2020       38.916477
    30    11  2020       34.559227
     1    12  2020       22.517460
     2    12  2020       19.435320
     3    12  2020       41.210724
     4    12  2020       45.709114
     5    12  2020       55.132450
     6    12  2020       58.102261
     7    12  2020       38.929855
     8    12  2020       27.112919
     9    12  2020       22.373497
    10    12  2020       19.408636
    11    12  2020       17.731714
    12    12  2020       16.562267
    13    12  2020       18.567596
    14    12  2020       22.721338
    15    12  2020       75.691231
    16    12  2020       76.680138
    17    12  2020       41.475853
    18    12  2020       31.908548
    19    12  2020       34.796684
    20    12  2020       63.313797
    21    12  2020       57.988998
    22    12  2020       34.686825
    23    12  2020       28.221300
    24    12  2020       25.021732
    25    12  2020       22.916283
    26    12  2020       21.285542
    27    12  2020       19.915764
    28    12  2020       23.620613
    29    12  2020       28.928633
    30    12  2020       25.031391
    31    12  2020       19.472021
