     1     1  2017       13.127522
     2     1  2017       12.863068
     3     1  2017       12.085210
     4     1  2017       20.923300
     5     1  2017       38.468212
     6     1  2017       37.875858
     7     1  2017       36.644089
     8     1  2017       58.580322
     9     1  2017       42.999229
    10     1  2017       29.867285
    11     1  2017       38.376823
    12     1  2017       29.735645
    13     1  2017       22.400333
    14     1  2017       18.576138
    15     1  2017       16.206936
    16     1  2017       14.648924
    17     1  2017       13.650497
    18     1  2017       12.874946
    19     1  2017       12.272594
    20     1  2017       11.816026
    21     1  2017       11.767763
    22     1  2017       13.359747
    23     1  2017       24.548244
    24     1  2017       19.790344
    25     1  2017       33.413067
    26     1  2017       26.896214
    27     1  2017       20.118864
    28     1  2017       19.590136
    29     1  2017       16.881010
    30     1  2017       23.990891
    31     1  2017       25.990084
     1     2  2017       20.829290
     2     2  2017       17.935228
     3     2  2017       19.242750
     4     2  2017       17.396994
     5     2  2017       15.037978
     6     2  2017       13.393311
     7     2  2017       12.326738
     8     2  2017       15.523244
     9     2  2017       13.945330
    10     2  2017       12.357738
    11     2  2017       31.098223
    12     2  2017       47.512794
    13     2  2017       49.893162
    14     2  2017       46.031109
    15     2  2017       33.175388
    16     2  2017       24.482313
    17     2  2017       20.162310
    18     2  2017       17.617182
    19     2  2017       15.471897
    20     2  2017       13.914610
    21     2  2017       13.164577
    22     2  2017       12.425179
    23     2  2017       43.577549
    24     2  2017       35.122086
    25     2  2017       41.222939
    26     2  2017       30.509602
    27     2  2017       30.911911
    28     2  2017       26.077892
     1     3  2017       31.560440
     2     3  2017       38.873489
     3     3  2017       31.198135
     4     3  2017       25.990681
     5     3  2017       35.441971
     6     3  2017       29.453892
     7     3  2017       22.532270
     8     3  2017       18.681286
     9     3  2017       17.353849
    10     3  2017       15.977234
    11     3  2017       14.814404
    12     3  2017       38.304142
    13     3  2017       30.322920
    14     3  2017       22.189922
    15     3  2017       18.180231
    16     3  2017       20.958944
    17     3  2017       20.523365
    18     3  2017       17.420004
    19     3  2017       15.042380
    20     3  2017       13.638659
    21     3  2017       12.705321
    22     3  2017       12.044659
    23     3  2017       11.575470
    24     3  2017       11.482203
    25     3  2017       11.154711
    26     3  2017       10.763915
    27     3  2017       10.453773
    28     3  2017       10.202216
    29     3  2017        9.988763
    30     3  2017        9.801821
    31     3  2017        9.634052
     1     4  2017        9.480910
     2     4  2017        9.340323
     3     4  2017        9.981180
     4     4  2017       28.273039
     5     4  2017       44.245022
     6     4  2017       32.528103
     7     4  2017       22.806808
     8     4  2017       17.829493
     9     4  2017       14.897605
    10     4  2017       18.588125
    11     4  2017       17.776630
    12     4  2017       14.647412
    13     4  2017       16.659315
    14     4  2017       14.125256
    15     4  2017       12.127811
    16     4  2017       11.057075
    17     4  2017       10.370030
    18     4  2017        9.897249
    19     4  2017        9.553051
    20     4  2017       11.998711
    21     4  2017       19.701605
    22     4  2017       15.996623
    23     4  2017       12.797572
    24     4  2017       11.236197
    25     4  2017       10.296679
    26     4  2017       44.869423
    27     4  2017       33.915398
    28     4  2017       22.714670
    29     4  2017       17.567091
    30     4  2017       14.583506
     1     5  2017       12.734063
     2     5  2017       12.464716
     3     5  2017       11.375145
     4     5  2017       15.644282
     5     5  2017       19.028885
     6     5  2017       15.275345
     7     5  2017       12.589600
     8     5  2017       11.192643
     9     5  2017       10.329670
    10     5  2017        9.759475
    11     5  2017        9.361652
    12     5  2017        9.069631
    13     5  2017       17.079849
    14     5  2017       14.917303
    15     5  2017       12.142431
    16     5  2017       10.733536
    17     5  2017        9.883165
    18     5  2017       55.026875
    19     5  2017       77.466728
    20     5  2017       53.864067
    21     5  2017       41.348797
    22     5  2017       30.543713
    23     5  2017       26.346010
    24     5  2017       26.684765
    25     5  2017       22.289003
    26     5  2017       27.769302
    27     5  2017       53.702015
    28     5  2017       61.085808
    29     5  2017       46.312145
    30     5  2017       49.350307
    31     5  2017       94.918304
     1     6  2017       72.107376
     2     6  2017       49.908524
     3     6  2017       38.837505
     4     6  2017       69.447128
     5     6  2017       63.010975
     6     6  2017       59.103237
     7     6  2017       50.125015
     8     6  2017       64.441978
     9     6  2017       52.616356
    10     6  2017       42.057140
    11     6  2017       36.341801
    12     6  2017       32.789913
    13     6  2017       30.386719
    14     6  2017       28.638241
    15     6  2017       27.272425
    16     6  2017       26.140978
    17     6  2017       25.158850
    18     6  2017       24.275961
    19     6  2017       28.558525
    20     6  2017       26.446859
    21     6  2017       24.156240
    22     6  2017       22.776398
    23     6  2017       21.735563
    24     6  2017       20.880472
    25     6  2017       20.138880
    26     6  2017       19.471998
    27     6  2017       18.857992
    28     6  2017       18.284193
    29     6  2017       17.742968
    30     6  2017       17.229519
     1     7  2017       16.740715
     2     7  2017       16.272570
     3     7  2017       15.823394
     4     7  2017       15.392423
     5     7  2017       14.979130
     6     7  2017       14.582882
     7     7  2017       14.202996
     8     7  2017       13.838899
     9     7  2017       13.490040
    10     7  2017       13.157458
    11     7  2017       12.838263
    12     7  2017       12.532206
    13     7  2017       12.239224
    14     7  2017       11.958732
    15     7  2017       11.690185
    16     7  2017       11.433064
    17     7  2017       15.051062
    18     7  2017       13.760805
    19     7  2017       12.349748
    20     7  2017       11.553542
    21     7  2017       11.022037
    22     7  2017       10.631074
    23     7  2017       10.322362
    24     7  2017       10.064648
    25     7  2017        9.840318
    26     7  2017        9.639089
    27     7  2017        9.454746
    28     7  2017        9.283401
    29     7  2017        9.122538
    30     7  2017        8.970454
    31     7  2017        8.825980
     1     8  2017        8.688260
     2     8  2017       24.218649
     3     8  2017       26.399582
     4     8  2017       19.635328
     5     8  2017       15.114709
     6     8  2017       12.715583
     7     8  2017       11.252437
     8     8  2017       18.417402
     9     8  2017       15.190748
    10     8  2017       12.262671
    11     8  2017       10.820511
    12     8  2017        9.929379
    13     8  2017       41.635128
    14     8  2017       32.008354
    15     8  2017       21.681349
    16     8  2017       16.839869
    17     8  2017       14.014652
    18     8  2017       12.254692
    19     8  2017       48.043976
    20     8  2017       74.088776
    21     8  2017       51.530392
    22     8  2017       34.235146
    23     8  2017       25.746830
    24     8  2017       20.762869
    25     8  2017       17.658403
    26     8  2017       15.632342
    27     8  2017       14.247614
    28     8  2017       13.256305
    29     8  2017       12.513803
    30     8  2017       11.933295
    31     8  2017       11.461393
     1     9  2017       11.064507
     2     9  2017       10.719814
     3     9  2017       10.412671
     4     9  2017       10.133913
     5     9  2017        9.877430
     6     9  2017        9.638999
     7     9  2017        9.415652
     8     9  2017        9.210211
     9     9  2017        9.009690
    10     9  2017        8.820177
    11     9  2017        8.640600
    12     9  2017        8.469797
    13     9  2017        8.307332
    14     9  2017        8.152663
    15     9  2017        8.005092
    16     9  2017        7.874425
    17     9  2017        7.736597
    18     9  2017        7.621520
    19     9  2017        7.492871
    20     9  2017        7.372103
    21     9  2017        7.259313
    22     9  2017        7.152495
    23     9  2017       19.122938
    24     9  2017       14.986346
    25     9  2017       11.259200
    26     9  2017        9.543461
    27     9  2017       19.092663
    28     9  2017       19.525118
    29     9  2017       39.893524
    30     9  2017       32.642036
     1    10  2017       28.723717
     2    10  2017       29.540035
     3    10  2017       21.780474
     4    10  2017       16.303865
     5    10  2017       13.311102
     6    10  2017       61.637787
     7    10  2017       49.025421
     8    10  2017       44.321846
     9    10  2017       70.030876
    10    10  2017      106.786949
    11    10  2017       93.320862
    12    10  2017      153.744537
    13    10  2017      213.631836
    14    10  2017      144.448578
    15    10  2017       96.181511
    16    10  2017       73.705162
    17    10  2017       59.341080
    18    10  2017       51.327595
    19    10  2017       54.413887
    20    10  2017       47.380936
    21    10  2017      170.842026
    22    10  2017      130.092758
    23    10  2017       89.011711
    24    10  2017       69.444275
    25    10  2017       93.570572
    26    10  2017       77.924324
    27    10  2017       79.972366
    28    10  2017       65.260300
    29    10  2017      138.848404
    30    10  2017      118.184319
    31    10  2017       86.042755
     1    11  2017       68.372841
     2    11  2017       57.864262
     3    11  2017       71.020752
     4    11  2017      101.413307
     5    11  2017       83.327560
     6    11  2017       64.924202
     7    11  2017       54.179657
     8    11  2017       47.304619
     9    11  2017       42.911053
    10    11  2017       64.069962
    11    11  2017       55.400101
    12    11  2017       45.439919
    13    11  2017       39.377285
    14    11  2017       35.230118
    15    11  2017       32.136055
    16    11  2017       43.825531
    17    11  2017       62.868404
    18    11  2017      113.876053
    19    11  2017       85.292374
    20    11  2017       59.879791
    21    11  2017       84.451149
    22    11  2017       65.798447
    23    11  2017       49.788486
    24    11  2017       41.365345
    25    11  2017       55.002228
    26    11  2017       46.446220
    27    11  2017       38.032093
    28    11  2017       33.017826
    29    11  2017       30.049793
    30    11  2017       27.950451
     1    12  2017       26.313702
     2    12  2017       24.483875
     3    12  2017       24.909935
     4    12  2017       27.116421
     5    12  2017       24.121346
     6    12  2017       23.625908
     7    12  2017       32.162796
     8    12  2017       27.081371
     9    12  2017       22.365395
    10    12  2017       19.754801
    11    12  2017       17.957741
    12    12  2017       16.613016
    13    12  2017       15.544852
    14    12  2017       14.687263
    15    12  2017       28.245668
    16    12  2017       22.952631
    17    12  2017       30.673969
    18    12  2017       24.280163
    19    12  2017       19.076334
    20    12  2017       34.928806
    21    12  2017       32.491001
    22    12  2017       24.032953
    23    12  2017       49.750530
    24    12  2017       57.237858
    25    12  2017       40.404514
    26    12  2017       28.994471
    27    12  2017       23.707823
    28    12  2017       97.933014
    29    12  2017      108.321396
    30    12  2017       86.108627
    31    12  2017       59.750664
     1     1  2018       51.213326
     2     1  2018       44.307461
     3     1  2018       35.728252
     4     1  2018       29.566593
     5     1  2018       25.464882
     6     1  2018       22.846359
     7     1  2018       20.798834
     8     1  2018       19.310995
     9     1  2018       19.263535
    10     1  2018       27.915619
    11     1  2018       65.972076
    12     1  2018       85.577751
    13     1  2018      112.072899
    14     1  2018       80.009979
    15     1  2018       55.638218
    16     1  2018       48.911316
    17     1  2018       73.835449
    18     1  2018       57.162731
    19     1  2018       42.645466
    20     1  2018       51.888115
    21     1  2018       53.905746
    22     1  2018       46.699509
    23     1  2018       56.609512
    24     1  2018       71.403435
    25     1  2018       59.278496
    26     1  2018       45.010578
    27     1  2018       36.668983
    28     1  2018       50.416546
    29     1  2018       52.623055
    30     1  2018       41.255474
    31     1  2018       33.445019
     1     2  2018       28.952971
     2     2  2018       25.923328
     3     2  2018       23.718910
     4     2  2018       22.011257
     5     2  2018       20.618645
     6     2  2018       19.436474
     7     2  2018       54.494328
     8     2  2018       41.570423
     9     2  2018       35.394859
    10     2  2018       29.637337
    11     2  2018       35.151108
    12     2  2018       32.010159
    13     2  2018       25.865639
    14     2  2018       21.860991
    15     2  2018       19.376945
    16     2  2018       17.651783
    17     2  2018       16.369114
    18     2  2018       16.358503
    19     2  2018       21.585056
    20     2  2018       18.825302
    21     2  2018       18.466427
    22     2  2018       16.332069
    23     2  2018       14.510139
    24     2  2018       13.348966
    25     2  2018       12.499412
    26     2  2018       29.255087
    27     2  2018       32.990753
    28     2  2018       25.587751
     1     3  2018       42.507713
     2     3  2018       35.464085
     3     3  2018       28.347113
     4     3  2018       22.657866
     5     3  2018       18.983009
     6     3  2018       36.061699
     7     3  2018       27.746222
     8     3  2018       20.615196
     9     3  2018       17.079609
    10     3  2018       18.163376
    11     3  2018       15.760193
    12     3  2018       13.699491
    13     3  2018       12.451816
    14     3  2018       56.022762
    15     3  2018       58.494507
    16     3  2018       40.406265
    17     3  2018       35.714840
    18     3  2018       27.351320
    19     3  2018       45.120281
    20     3  2018       42.709339
    21     3  2018       31.781805
    22     3  2018       24.510075
    23     3  2018       20.495890
    24     3  2018       32.646069
    25     3  2018       65.718811
    26     3  2018       48.892082
    27     3  2018       41.119476
    28     3  2018       34.688225
    29     3  2018       35.422115
    30     3  2018       39.018860
    31     3  2018       33.338390
     1     4  2018       29.984747
     2     4  2018       24.517366
     3     4  2018       20.781477
     4     4  2018       20.884087
     5     4  2018       18.502092
     6     4  2018       16.652542
     7     4  2018       15.469184
     8     4  2018       14.591544
     9     4  2018       13.896113
    10     4  2018       13.318623
    11     4  2018       12.820335
    12     4  2018       12.378194
    13     4  2018       12.242065
    14     4  2018       13.147785
    15     4  2018       18.246788
    16     4  2018       15.820557
    17     4  2018       13.564113
    18     4  2018       12.284962
    19     4  2018       11.450808
    20     4  2018       10.855695
    21     4  2018       10.401529
    22     4  2018       10.033298
    23     4  2018        9.723183
    24     4  2018        9.451091
    25     4  2018        9.206400
    26     4  2018        9.394404
    27     4  2018        9.036907
    28     4  2018        8.721901
    29     4  2018        8.489769
    30     4  2018        8.299966
     1     5  2018        8.120081
     2     5  2018        7.963134
     3     5  2018        7.820848
     4     5  2018        7.681673
     5     5  2018        7.551576
     6     5  2018        7.536085
     7     5  2018        7.522810
     8     5  2018        7.379820
     9     5  2018        7.218501
    10     5  2018        7.086376
    11     5  2018        6.987443
    12     5  2018        6.890750
    13     5  2018        6.791502
    14     5  2018        6.699921
    15     5  2018       36.666573
    16     5  2018       27.251936
    17     5  2018       18.288179
    18     5  2018       52.240417
    19     5  2018       40.214996
    20     5  2018       26.989466
    21     5  2018       19.995895
    22     5  2018       15.910811
    23     5  2018       13.379917
    24     5  2018       11.725259
    25     5  2018       10.603593
    26     5  2018        9.812691
    27     5  2018        9.233216
    28     5  2018        8.793291
    29     5  2018        8.448219
    30     5  2018        8.169367
    31     5  2018        7.937945
     1     6  2018       16.445766
     2     6  2018       20.791180
     3     6  2018       15.922978
     4     6  2018       16.578497
     5     6  2018       14.976906
     6     6  2018       12.235350
     7     6  2018       10.468047
     8     6  2018        9.425013
     9     6  2018        8.746660
    10     6  2018        8.281547
    11     6  2018       45.962265
    12     6  2018       58.441227
    13     6  2018       40.517460
    14     6  2018       27.719467
    15     6  2018       21.008360
    16     6  2018       17.068830
    17     6  2018       14.525978
    18     6  2018       12.838367
    19     6  2018       11.711412
    20     6  2018       10.921492
    21     6  2018       10.344273
    22     6  2018        9.905321
    23     6  2018        9.558739
    24     6  2018       10.851474
    25     6  2018       15.844301
    26     6  2018       40.883301
    27     6  2018       68.195976
    28     6  2018       52.949047
    29     6  2018       46.098137
    30     6  2018       33.964241
     1     7  2018       25.642511
     2     7  2018       20.910505
     3     7  2018       18.045141
     4     7  2018       16.166693
     5     7  2018       14.879531
     6     7  2018       13.963259
     7     7  2018       13.414093
     8     7  2018       13.086978
     9     7  2018       12.546079
    10     7  2018       12.080154
    11     7  2018       11.711942
    12     7  2018       11.398896
    13     7  2018       11.120270
    14     7  2018       10.865518
    15     7  2018       10.628375
    16     7  2018       10.424003
    17     7  2018       10.205514
    18     7  2018        9.998953
    19     7  2018        9.803228
    20     7  2018        9.624403
    21     7  2018        9.631920
    22     7  2018        9.456639
    23     7  2018        9.220972
    24     7  2018        9.241537
    25     7  2018        9.092987
    26     7  2018        8.869747
    27     7  2018        8.646066
    28     7  2018        8.459074
    29     7  2018        8.484693
    30     7  2018        8.331544
    31     7  2018        8.125897
     1     8  2018        7.956660
     2     8  2018        7.807227
     3     8  2018       15.544067
     4     8  2018       12.904937
     5     8  2018       10.419541
     6     8  2018        9.243544
     7     8  2018        8.530132
     8     8  2018       31.592133
     9     8  2018       24.586384
    10     8  2018       17.212223
    11     8  2018       13.521848
    12     8  2018       11.385494
    13     8  2018       10.055264
    14     8  2018        9.182961
    15     8  2018        8.582121
    16     8  2018        8.147957
    17     8  2018        7.819638
    18     8  2018        7.568579
    19     8  2018        7.353961
    20     8  2018        8.912155
    21     8  2018       21.888699
    22     8  2018       23.800274
    23     8  2018       17.866047
    24     8  2018       89.594788
    25     8  2018       63.591187
    26     8  2018       39.481075
    27     8  2018       28.204126
    28     8  2018       21.714340
    29     8  2018       17.732231
    30     8  2018       15.174951
    31     8  2018       14.624788
     1     9  2018       61.472095
     2     9  2018       91.685593
     3     9  2018       81.618889
     4     9  2018       55.771790
     5     9  2018       39.825710
     6     9  2018       31.053640
     7     9  2018       25.700752
     8     9  2018       22.248568
     9     9  2018       19.907810
    10     9  2018       18.237616
    11     9  2018       16.985119
    12     9  2018       16.023155
    13     9  2018       17.913822
    14     9  2018       27.948475
    15     9  2018       27.922131
    16     9  2018       23.085531
    17     9  2018       24.913115
    18     9  2018       21.070427
    19     9  2018       18.275103
    20     9  2018       17.775587
    21     9  2018       15.863350
    22     9  2018       14.385676
    23     9  2018       13.430938
    24     9  2018       33.095074
    25     9  2018       26.790060
    26     9  2018       37.030758
    27     9  2018       28.760094
    28     9  2018       21.670448
    29     9  2018       18.178827
    30     9  2018       16.641439
     1    10  2018       23.133600
     2    10  2018       36.238407
     3    10  2018      131.081757
     4    10  2018       92.423744
     5    10  2018       58.366394
     6    10  2018       51.681633
     7    10  2018       62.358673
     8    10  2018       47.781288
     9    10  2018       49.472343
    10    10  2018       51.813656
    11    10  2018       41.451878
    12    10  2018       33.038746
    13    10  2018      125.117004
    14    10  2018      159.981186
    15    10  2018      121.536514
    16    10  2018       85.303627
    17    10  2018       69.792824
    18    10  2018      176.709625
    19    10  2018      131.861420
    20    10  2018       91.794426
    21    10  2018       72.027710
    22    10  2018       60.018745
    23    10  2018       52.102882
    24    10  2018       77.970047
    25    10  2018       65.437492
    26    10  2018       75.191010
    27    10  2018       61.896358
    28    10  2018       50.476269
    29    10  2018       43.967926
    30    10  2018       39.500805
    31    10  2018       61.811829
     1    11  2018       54.678673
     2    11  2018       44.357300
     3    11  2018       45.519714
     4    11  2018       40.050594
     5    11  2018       34.729721
     6    11  2018       31.114191
     7    11  2018       28.449987
     8    11  2018       26.343576
     9    11  2018       24.592455
    10    11  2018       23.082226
    11    11  2018       21.745308
    12    11  2018       20.540285
    13    11  2018       19.440798
    14    11  2018      110.721939
    15    11  2018       80.561913
    16    11  2018       52.789787
    17    11  2018       39.767540
    18    11  2018       68.168701
    19    11  2018       52.438416
    20    11  2018       38.666939
    21    11  2018       31.486164
    22    11  2018       26.999846
    23    11  2018       24.969204
    24    11  2018       31.629101
    25    11  2018       26.770742
    26    11  2018       22.561251
    27    11  2018       20.143059
    28    11  2018       21.192589
    29    11  2018       38.456863
    30    11  2018      243.699265
     1    12  2018      165.909775
     2    12  2018      101.552948
     3    12  2018       72.632248
     4    12  2018       56.066063
     5    12  2018       45.819393
     6    12  2018       39.099476
     7    12  2018       34.433289
     8    12  2018       31.020279
     9    12  2018       28.370136
    10    12  2018       26.228865
    11    12  2018       28.050306
    12    12  2018       25.376436
    13    12  2018       38.558929
    14    12  2018       32.037834
    15    12  2018       27.422626
    16    12  2018       30.898993
    17    12  2018       26.870073
    18    12  2018       43.765610
    19    12  2018       36.602539
    20    12  2018       38.544403
    21    12  2018       80.619919
    22    12  2018       58.377728
    23    12  2018       40.411156
    24    12  2018      254.187393
    25    12  2018      178.420883
    26    12  2018      139.314728
    27    12  2018      105.749313
    28    12  2018      116.306602
    29    12  2018       87.210815
    30    12  2018       71.378014
    31    12  2018      264.301270
     1     1  2019      186.362274
     2     1  2019      122.953156
     3     1  2019      328.885712
     4     1  2019      381.395966
     5     1  2019      261.934387
     6     1  2019      256.650909
     7     1  2019      251.035522
     8     1  2019      189.559479
     9     1  2019      146.953339
    10     1  2019      127.527847
    11     1  2019      126.497299
    12     1  2019      107.585457
    13     1  2019      107.811790
    14     1  2019      382.090210
    15     1  2019      408.520630
    16     1  2019      276.094421
    17     1  2019      200.902954
    18     1  2019      161.796829
    19     1  2019      134.096634
    20     1  2019      128.276855
    21     1  2019      108.210495
    22     1  2019      103.360580
    23     1  2019       89.263916
    24     1  2019       81.734756
    25     1  2019       73.079300
    26     1  2019       65.299843
    27     1  2019       61.217579
    28     1  2019       55.596508
    29     1  2019       50.791397
    30     1  2019       46.839745
    31     1  2019       52.446590
     1     2  2019       46.393848
     2     2  2019       50.729992
     3     2  2019       53.188931
     4     2  2019       44.961739
     5     2  2019       38.539139
     6     2  2019       34.436718
     7     2  2019       77.261467
     8     2  2019       59.752769
     9     2  2019       44.474014
    10     2  2019       36.927132
    11     2  2019       32.309505
    12     2  2019       29.989756
    13     2  2019       27.529871
    14     2  2019       25.209938
    15     2  2019       83.203102
    16     2  2019       74.904663
    17     2  2019       63.387363
    18     2  2019       73.946083
    19     2  2019       55.784790
    20     2  2019       42.972458
    21     2  2019       35.466545
    22     2  2019       30.525024
    23     2  2019       27.252054
    24     2  2019       31.012266
    25     2  2019       50.517212
    26     2  2019       40.695492
    27     2  2019       34.738098
    28     2  2019       28.959089
     1     3  2019       24.990171
     2     3  2019       22.467663
     3     3  2019       20.667061
     4     3  2019       19.291637
     5     3  2019       27.428835
     6     3  2019       25.641081
     7     3  2019       46.245010
     8     3  2019       38.332249
     9     3  2019       42.897587
    10     3  2019       33.715755
    11     3  2019       26.197777
    12     3  2019       60.271034
    13     3  2019       49.497845
    14     3  2019       37.468365
    15     3  2019       29.560825
    16     3  2019       29.582502
    17     3  2019       30.730354
    18     3  2019       30.626629
    19     3  2019       25.190615
    20     3  2019       21.688522
    21     3  2019       19.415340
    22     3  2019       17.975828
    23     3  2019       16.903444
    24     3  2019       15.869254
    25     3  2019       14.987181
    26     3  2019       14.411027
    27     3  2019       13.791812
    28     3  2019       13.200969
    29     3  2019       12.688989
    30     3  2019       12.232360
    31     3  2019       11.816869
     1     4  2019       11.433622
     2     4  2019       15.051391
     3     4  2019       13.433060
     4     4  2019       11.939698
     5     4  2019       42.851997
     6     4  2019       50.361301
     7     4  2019       40.270542
     8     4  2019       51.177555
     9     4  2019       37.608524
    10     4  2019       27.093925
    11     4  2019       21.652437
    12     4  2019       18.315266
    13     4  2019       16.136528
    14     4  2019       14.638822
    15     4  2019       13.557529
    16     4  2019       34.884769
    17     4  2019       27.850163
    18     4  2019       20.661835
    19     4  2019       17.117086
    20     4  2019       17.524742
    21     4  2019       25.475590
    22     4  2019       21.637568
    23     4  2019       17.357361
    24     4  2019       14.922523
    25     4  2019       13.400675
    26     4  2019       12.369122
    27     4  2019       43.496964
    28     4  2019       49.990837
    29     4  2019       35.660107
    30     4  2019       25.791771
     1     5  2019       62.087749
     2     5  2019       46.373264
     3     5  2019       32.195892
     4     5  2019       27.386932
     5     5  2019       22.602465
     6     5  2019       20.670141
     7     5  2019       18.643337
     8     5  2019       16.758089
     9     5  2019       15.449697
    10     5  2019       19.075880
    11     5  2019       21.696857
    12     5  2019       19.729332
    13     5  2019       23.293837
    14     5  2019       20.350912
    15     5  2019       17.197504
    16     5  2019       15.375543
    17     5  2019       14.183377
    18     5  2019       13.347631
    19     5  2019       12.725636
    20     5  2019       12.849874
    21     5  2019       12.893046
    22     5  2019       13.815661
    23     5  2019       22.595924
    24     5  2019       20.900530
    25     5  2019       16.815657
    26     5  2019       14.424180
    27     5  2019       13.032400
    28     5  2019       86.939812
    29     5  2019       65.688393
    30     5  2019      102.920807
    31     5  2019      118.001045
     1     6  2019       85.332840
     2     6  2019       60.379429
     3     6  2019       46.760685
     4     6  2019       38.563580
     5     6  2019       33.369804
     6     6  2019       29.908421
     7     6  2019       27.480585
     8     6  2019       25.687677
     9     6  2019       24.296288
    10     6  2019       23.166430
    11     6  2019       22.212257
    12     6  2019       21.380014
    13     6  2019       20.635387
    14     6  2019       19.956043
    15     6  2019       19.327227
    16     6  2019       18.738987
    17     6  2019       18.184504
    18     6  2019       17.659000
    19     6  2019       17.159044
    20     6  2019       16.682114
    21     6  2019       16.226410
    22     6  2019       15.790345
    23     6  2019       15.372636
    24     6  2019       14.972252
    25     6  2019       14.588313
    26     6  2019       38.503468
    27     6  2019       31.533396
    28     6  2019       24.158964
    29     6  2019       20.320259
    30     6  2019       17.970274
     1     7  2019       42.773918
     2     7  2019       35.609512
     3     7  2019       26.640823
     4     7  2019       22.007538
     5     7  2019       19.253361
     6     7  2019       17.476999
     7     7  2019       16.257414
     8     7  2019       15.369113
     9     7  2019       14.685077
    10     7  2019       14.131525
    11     7  2019       13.664406
    12     7  2019       13.256708
    13     7  2019       12.891459
    14     7  2019       14.056052
    15     7  2019       16.109425
    16     7  2019       14.764092
    17     7  2019       13.367887
    18     7  2019       12.557274
    19     7  2019       12.014013
    20     7  2019       11.578811
    21     7  2019       11.226680
    22     7  2019       10.929197
    23     7  2019       10.666903
    24     7  2019       10.428997
    25     7  2019       10.208955
    26     7  2019       10.002683
    27     7  2019        9.807546
    28     7  2019        9.621773
    29     7  2019        9.444146
    30     7  2019       22.454193
    31     7  2019       18.157288
     1     8  2019       14.079380
     2     8  2019       12.569576
     3     8  2019       11.259048
     4     8  2019       10.375490
     5     8  2019        9.792246
     6     8  2019        9.369622
     7     8  2019        9.043763
     8     8  2019        8.779382
     9     8  2019        8.555738
    10     8  2019        8.360241
    11     8  2019        8.185031
    12     8  2019        8.025101
    13     8  2019        7.877111
    14     8  2019        7.738831
    15     8  2019        7.608687
    16     8  2019        7.485555
    17     8  2019        7.368618
    18     8  2019       16.675846
    19     8  2019       16.208807
    20     8  2019       12.655780
    21     8  2019       10.427943
    22     8  2019       11.187078
    23     8  2019       10.108891
    24     8  2019        9.000795
    25     8  2019        8.256127
    26     8  2019        7.767212
    27     8  2019        7.424239
    28     8  2019        7.170102
    29     8  2019        6.972415
    30     8  2019        6.812041
    31     8  2019       12.247850
     1     9  2019       10.570876
     2     9  2019        8.761712
     3     9  2019        7.811742
     4     9  2019        7.249981
     5     9  2019        6.893240
     6     9  2019        9.498728
     7     9  2019        8.439642
     8     9  2019        7.414401
     9     9  2019        6.892714
    10     9  2019        6.562204
    11     9  2019        6.335596
    12     9  2019        6.186693
    13     9  2019        6.094469
    14     9  2019        5.987765
    15     9  2019        5.883514
    16     9  2019        5.797801
    17     9  2019        5.724282
    18     9  2019        7.974784
    19     9  2019       23.674595
    20     9  2019       33.363396
    21     9  2019       23.982489
    22     9  2019       16.771915
    23     9  2019       13.038182
    24     9  2019       10.772387
    25     9  2019        9.319088
    26     9  2019        8.344803
    27     9  2019        7.664331
    28     9  2019        7.170712
    29     9  2019        6.800129
    30     9  2019        6.513281
     1    10  2019        6.285203
     2    10  2019        9.696039
     3    10  2019        8.636768
     4    10  2019        7.432635
     5    10  2019       10.375079
     6    10  2019       25.013819
     7    10  2019       18.893503
     8    10  2019       13.262917
     9    10  2019       10.510810
    10    10  2019        8.866248
    11    10  2019        7.820437
    12    10  2019        7.123434
    13    10  2019        9.936028
    14    10  2019       11.591091
    15    10  2019        9.758825
    16    10  2019        8.144586
    17    10  2019        7.538609
    18    10  2019        8.474503
    19    10  2019        7.832589
    20    10  2019       10.398607
    21    10  2019       10.083607
    22    10  2019        8.386681
    23    10  2019        7.156146
    24    10  2019        6.447737
    25    10  2019        5.994154
    26    10  2019        5.688027
    27    10  2019       13.123257
    28    10  2019       12.741893
    29    10  2019       10.030877
    30    10  2019        8.270121
    31    10  2019        9.581092
     1    11  2019        8.289730
     2    11  2019        7.446979
     3    11  2019        6.705883
     4    11  2019       10.127768
     5    11  2019       32.101677
     6    11  2019       23.996155
     7    11  2019       16.244478
     8    11  2019       12.303338
     9    11  2019       25.280167
    10    11  2019       28.076258
    11    11  2019       20.068645
    12    11  2019       14.499287
    13    11  2019       25.194874
    14    11  2019       25.625746
    15    11  2019       18.899067
    16    11  2019       14.110283
    17    11  2019       11.295465
    18    11  2019        9.517950
    19    11  2019        8.333675
    20    11  2019        7.509560
    21    11  2019        6.913391
    22    11  2019        6.467079
    23    11  2019        6.693417
    24    11  2019        6.287925
    25    11  2019        5.888186
    26    11  2019       20.643856
    27    11  2019       24.309336
    28    11  2019       18.442171
    29    11  2019       13.476536
    30    11  2019       10.663037
     1    12  2019        9.323735
     2    12  2019        8.070489
     3    12  2019        7.159779
     4    12  2019       20.715723
     5    12  2019       18.406807
     6    12  2019       13.454616
     7    12  2019       10.496323
     8    12  2019       11.035298
     9    12  2019       13.192211
    10    12  2019       15.536046
    11    12  2019       15.786429
    12    12  2019       12.515886
    13    12  2019        9.852604
    14    12  2019        8.205411
    15    12  2019       13.420764
    16    12  2019       19.822605
    17    12  2019       30.290251
    18    12  2019       22.475018
    19    12  2019       15.598886
    20    12  2019       12.884474
    21    12  2019       11.395894
    22    12  2019        9.765070
    23    12  2019        8.271914
    24    12  2019        7.271321
    25    12  2019        6.589144
    26    12  2019        6.101713
    27    12  2019        5.741127
    28    12  2019        5.466359
    29    12  2019        5.251533
    30    12  2019        5.079772
    31    12  2019       17.316854
     1     1  2020       13.605776
     2     1  2020       10.024887
     3     1  2020        8.117373
     4     1  2020        8.221312
     5     1  2020       12.558340
     6     1  2020        9.792141
     7     1  2020        7.628084
     8     1  2020        6.707254
     9     1  2020       19.181484
    10     1  2020       18.879017
    11     1  2020       19.895992
    12     1  2020       14.936861
    13     1  2020       11.000041
    14     1  2020        8.833672
    15     1  2020        7.494904
    16     1  2020        9.064715
    17     1  2020        7.921255
    18     1  2020        6.704383
    19     1  2020        6.014048
    20     1  2020        5.555333
    21     1  2020        5.233266
    22     1  2020        5.007265
    23     1  2020        4.887850
    24     1  2020        4.726346
    25     1  2020        4.591979
    26     1  2020        4.488918
    27     1  2020        4.405809
    28     1  2020        4.598222
    29     1  2020        9.428405
    30     1  2020       12.176627
    31     1  2020        9.788434
     1     2  2020        7.636731
     2     2  2020        6.490485
     3     2  2020        5.779578
     4     2  2020        5.308422
     5     2  2020        4.983778
     6     2  2020        4.808117
     7     2  2020        5.012635
     8     2  2020        5.186128
     9     2  2020        6.744223
    10     2  2020        5.998180
    11     2  2020        5.251091
    12     2  2020        4.851900
    13     2  2020        4.594343
    14     2  2020        4.417372
    15     2  2020        4.289752
    16     2  2020        4.193740
    17     2  2020        4.129942
    18     2  2020        4.066446
    19     2  2020        4.013827
    20     2  2020        3.969903
    21     2  2020        3.932567
    22     2  2020        3.900326
    23     2  2020        3.872015
    24     2  2020        5.175406
    25     2  2020       30.766985
    26     2  2020       32.773529
    27     2  2020       22.394724
    28     2  2020       15.475796
    29     2  2020       11.701336
     1     3  2020        9.378090
     2     3  2020        7.876356
     3     3  2020        6.864862
     4     3  2020        6.157233
     5     3  2020        5.644844
     6     3  2020        5.262369
     7     3  2020        7.399402
     8     3  2020        6.435012
     9     3  2020        5.496227
    10     3  2020        4.998756
    11     3  2020        4.676005
    12     3  2020        4.451999
    13     3  2020        4.288757
    14     3  2020        4.164910
    15     3  2020        4.067786
    16     3  2020        3.989535
    17     3  2020        3.925103
    18     3  2020       11.554175
    19     3  2020        9.493658
    20     3  2020        7.075175
    21     3  2020        5.906486
    22     3  2020        5.206659
    23     3  2020        4.760715
    24     3  2020        4.462915
    25     3  2020        4.255303
    26     3  2020        4.104744
    27     3  2020        3.991644
    28     3  2020        3.904027
    29     3  2020       13.941652
    30     3  2020       13.146261
    31     3  2020        9.397342
     1     4  2020        7.229919
     2     4  2020        6.124631
     3     4  2020        5.347226
     4     4  2020        4.834000
     5     4  2020        4.496075
     6     4  2020       13.012447
     7     4  2020       10.290616
     8     4  2020        7.523332
     9     4  2020        6.185951
    10     4  2020        5.382437
    11     4  2020        4.867817
    12     4  2020        4.522369
    13     4  2020        7.395946
    14     4  2020       11.871662
    15     4  2020        9.248444
    16     4  2020        6.990215
    17     4  2020        5.843608
    18     4  2020        5.143973
    19     4  2020        4.691025
    20     4  2020        4.384154
    21     4  2020        4.167542
    22     4  2020        4.008891
    23     4  2020        3.888854
    24     4  2020        3.795452
    25     4  2020        3.721011
    26     4  2020        3.660456
    27     4  2020        3.610329
    28     4  2020        3.568199
    29     4  2020        3.532320
    30     4  2020        3.517251
     1     5  2020        5.936754
     2     5  2020        5.155633
     3     5  2020        4.396239
     4     5  2020        4.035027
     5     5  2020        5.374406
     6     5  2020        5.009838
     7     5  2020        4.384190
     8     5  2020        4.012669
     9     5  2020        3.795639
    10     5  2020        3.656094
    11     5  2020        3.561621
    12     5  2020        4.042757
    13     5  2020        7.355791
    14     5  2020        6.092566
    15     5  2020        4.911170
    16     5  2020        4.340891
    17     5  2020        4.001818
    18     5  2020        3.787174
    19     5  2020        3.644745
    20     5  2020        3.546026
    21     5  2020        3.474761
    22     5  2020       42.520939
    23     5  2020       31.048803
    24     5  2020       19.113098
    25     5  2020       13.528795
    26     5  2020       10.264182
    27     5  2020        8.234534
    28     5  2020        6.916435
    29     5  2020        6.025981
    30     5  2020        5.402198
    31     5  2020        4.950716
     1     6  2020        6.568321
     2     6  2020        6.132471
     3     6  2020        5.223108
     4     6  2020        6.379114
     5     6  2020       19.559309
     6     6  2020       14.847074
     7     6  2020       10.096701
     8     6  2020        7.802597
     9     6  2020       28.716797
    10     6  2020       45.002483
    11     6  2020       38.993675
    12     6  2020       26.587038
    13     6  2020       21.277273
    14     6  2020       15.804517
    15     6  2020       11.990208
    16     6  2020        9.692611
    17     6  2020        8.185606
    18     6  2020        7.153954
    19     6  2020        6.421840
    20     6  2020        5.885311
    21     6  2020        5.480721
    22     6  2020        5.167851
    23     6  2020        4.920531
    24     6  2020        4.721231
    25     6  2020       16.127075
    26     6  2020       13.261464
    27     6  2020       14.363670
    28     6  2020       11.124677
    29     6  2020       10.219812
    30     6  2020       22.478767
     1     7  2020       17.339607
     2     7  2020       11.870887
     3     7  2020        9.204858
     4     7  2020        7.616587
     5     7  2020        8.966576
     6     7  2020       24.904476
     7     7  2020       20.927647
     8     7  2020       21.150255
     9     7  2020       15.709489
    10     7  2020       11.500216
    11     7  2020       10.096752
    12     7  2020        8.583542
    13     7  2020        9.306420
    14     7  2020        7.982610
    15     7  2020        6.860285
    16     7  2020        6.222725
    17     7  2020        6.900464
    18     7  2020        6.390470
    19     7  2020        5.777029
    20     7  2020        5.417645
    21     7  2020        5.170767
    22     7  2020        4.989874
    23     7  2020        4.850263
    24     7  2020        4.737542
    25     7  2020        4.643023
    26     7  2020        4.561297
    27     7  2020        4.488907
    28     7  2020        9.581103
    29     7  2020        8.203518
    30     7  2020        6.474117
    31     7  2020        5.646995
     1     8  2020        5.152232
     2     8  2020        4.834157
     3     8  2020        4.617614
     4     8  2020        4.461910
     5     8  2020        4.344007
     6     8  2020        4.250466
     7     8  2020        4.173223
     8     8  2020        4.107301
     9     8  2020        4.049540
    10     8  2020        3.997880
    11     8  2020        3.950938
    12     8  2020       28.699665
    13     8  2020       32.405674
    14     8  2020       30.887375
    15     8  2020       42.744881
    16     8  2020       31.307226
    17     8  2020       22.201759
    18     8  2020       40.506645
    19     8  2020       34.209316
    20     8  2020       23.231405
    21     8  2020       16.926533
    22     8  2020       13.315990
    23     8  2020       11.049435
    24     8  2020        9.558450
    25     8  2020        8.535943
    26     8  2020        7.806017
    27     8  2020        7.264573
    28     8  2020        6.848203
    29     8  2020        6.517232
    30     8  2020        6.246185
    31     8  2020        6.018312
     1     9  2020        5.822360
     2     9  2020        5.650056
     3     9  2020        5.498094
     4     9  2020        5.358236
     5     9  2020        5.229493
     6     9  2020        5.110953
     7     9  2020        5.000926
     8     9  2020        4.898246
     9     9  2020        4.802042
    10     9  2020        4.711638
    11     9  2020        4.626502
    12     9  2020        4.546197
    13     9  2020        4.470358
    14     9  2020        4.398669
    15     9  2020        4.330857
    16     9  2020        4.271034
    17     9  2020       10.513046
    18     9  2020        8.754582
    19     9  2020        6.689135
    20     9  2020        5.705748
    21     9  2020        5.118944
    22     9  2020        4.743447
    23     9  2020        4.489941
    24     9  2020        4.309877
    25     9  2020        4.175718
    26     9  2020        4.071346
    27     9  2020       12.047088
    28     9  2020       25.364283
    29     9  2020       18.197611
    30     9  2020       12.108020
     1    10  2020        9.142472
     2    10  2020        7.387032
     3    10  2020        8.898615
     4    10  2020        7.480791
     5    10  2020        6.149872
     6    10  2020        5.416527
     7    10  2020        6.588660
     8    10  2020       24.414684
     9    10  2020       26.766796
    10    10  2020       18.250635
    11    10  2020       12.621247
    12    10  2020        9.641784
    13    10  2020        7.831791
    14    10  2020        6.673728
    15    10  2020        5.899655
    16    10  2020        5.361472
    17    10  2020        4.973462
    18    10  2020        4.684125
    19    10  2020        4.461778
    20    10  2020        4.286322
    21    10  2020        4.144638
    22    10  2020        4.027921
    23    10  2020        3.930113
    24    10  2020       11.344128
    25    10  2020        8.948252
    26    10  2020        6.585413
    27    10  2020        5.478747
    28    10  2020        4.827698
    29    10  2020        7.267457
    30    10  2020        6.558027
    31    10  2020        6.242281
     1    11  2020        5.321459
     2    11  2020        4.644359
     3    11  2020        4.970675
     4    11  2020        4.587120
     5    11  2020        4.172518
     6    11  2020        3.933143
     7    11  2020        3.771227
     8    11  2020        3.656380
     9    11  2020        5.284546
    10    11  2020        4.865209
    11    11  2020       35.343414
    12    11  2020       26.414223
    13    11  2020       16.321354
    14    11  2020       12.555094
    15    11  2020       16.163050
    16    11  2020       14.053877
    17    11  2020       10.388283
    18    11  2020       14.207137
    19    11  2020       17.887901
    20    11  2020       13.914715
    21    11  2020       10.072029
    22    11  2020        7.915820
    23    11  2020        6.606824
    24    11  2020        5.751289
    25    11  2020        5.166072
    26    11  2020        6.394238
    27    11  2020       39.796482
    28    11  2020       53.803642
    29    11  2020       53.722980
    30    11  2020       36.260025
     1    12  2020       24.088226
     2    12  2020       23.559206
     3    12  2020       37.465065
     4    12  2020       27.997095
     5    12  2020       53.803303
     6    12  2020       42.878498
     7    12  2020       27.832581
     8    12  2020       19.732094
     9    12  2020       15.027778
    10    12  2020       12.070459
    11    12  2020       10.127314
    12    12  2020        8.793894
    13    12  2020       13.618707
    14    12  2020       11.067517
    15    12  2020        9.822571
    16    12  2020        8.473054
    17    12  2020        8.856621
    18    12  2020        7.618644
    19    12  2020       15.099694
    20    12  2020       55.953014
    21    12  2020       39.084621
    22    12  2020       24.027340
    23    12  2020       16.996351
    24    12  2020       12.932997
    25    12  2020       10.426069
    26    12  2020        8.804397
    27    12  2020        7.707437
    28    12  2020       12.893895
    29    12  2020       36.254341
    30    12  2020       25.792982
    31    12  2020       16.722189
