     1     1  2017       90.857178
     2     1  2017      136.948380
     3     1  2017      103.769722
     4     1  2017       94.035667
     5     1  2017      113.547821
     6     1  2017      190.248749
     7     1  2017      285.808380
     8     1  2017      263.881287
     9     1  2017      282.081146
    10     1  2017      217.607681
    11     1  2017      226.792236
    12     1  2017      214.887970
    13     1  2017      177.480621
    14     1  2017      156.492630
    15     1  2017      139.294785
    16     1  2017      126.891617
    17     1  2017      116.942413
    18     1  2017      110.187973
    19     1  2017      103.789497
    20     1  2017       99.629791
    21     1  2017      156.193405
    22     1  2017      243.106110
    23     1  2017      183.439957
    24     1  2017      161.067184
    25     1  2017      150.431061
    26     1  2017      177.174164
    27     1  2017      185.757019
    28     1  2017      157.480667
    29     1  2017      131.289551
    30     1  2017      124.543190
    31     1  2017      120.620544
     1     2  2017      141.193817
     2     2  2017      167.810043
     3     2  2017      150.679062
     4     2  2017      128.746658
     5     2  2017      129.372101
     6     2  2017      136.057587
     7     2  2017      130.881088
     8     2  2017      113.390450
     9     2  2017      124.452667
    10     2  2017      175.733780
    11     2  2017      230.544006
    12     2  2017      184.609558
    13     2  2017      216.464722
    14     2  2017      322.677094
    15     2  2017      379.746948
    16     2  2017      344.453217
    17     2  2017      317.867371
    18     2  2017      273.439697
    19     2  2017      243.246536
    20     2  2017      219.804779
    21     2  2017      193.238205
    22     2  2017      172.572769
    23     2  2017      157.132126
    24     2  2017      145.422165
    25     2  2017      145.284302
    26     2  2017      148.177658
    27     2  2017      130.469620
    28     2  2017      121.164360
     1     3  2017      165.433304
     2     3  2017      227.206726
     3     3  2017      242.539703
     4     3  2017      233.134201
     5     3  2017      216.772202
     6     3  2017      276.913086
     7     3  2017      233.956146
     8     3  2017      197.562256
     9     3  2017      179.212509
    10     3  2017      172.914566
    11     3  2017      182.424591
    12     3  2017      172.677078
    13     3  2017      206.178253
    14     3  2017      188.508224
    15     3  2017      168.879471
    16     3  2017      174.002518
    17     3  2017      224.392181
    18     3  2017      249.150665
    19     3  2017      215.169861
    20     3  2017      176.914703
    21     3  2017      161.091660
    22     3  2017      148.180847
    23     3  2017      137.138107
    24     3  2017      127.714958
    25     3  2017      119.890785
    26     3  2017      114.135521
    27     3  2017      112.008125
    28     3  2017      104.243546
    29     3  2017       98.439568
    30     3  2017       93.933159
    31     3  2017       90.033813
     1     4  2017       86.604645
     2     4  2017       83.574623
     3     4  2017       80.896790
     4     4  2017       79.985741
     5     4  2017       99.706055
     6     4  2017      137.682114
     7     4  2017      172.263870
     8     4  2017      142.851974
     9     4  2017      105.157356
    10     4  2017       98.413956
    11     4  2017       96.483116
    12     4  2017      101.368652
    13     4  2017       99.214134
    14     4  2017       86.822533
    15     4  2017       83.930260
    16     4  2017       91.075623
    17     4  2017      103.376785
    18     4  2017       87.212975
    19     4  2017       81.216003
    20     4  2017       82.527687
    21     4  2017       95.582161
    22     4  2017      114.606377
    23     4  2017       98.188393
    24     4  2017       82.170883
    25     4  2017       77.985008
    26     4  2017      107.112770
    27     4  2017      185.435745
    28     4  2017      136.836731
    29     4  2017      103.205704
    30     4  2017       94.828758
     1     5  2017       89.849800
     2     5  2017       86.683083
     3     5  2017       91.039665
     4     5  2017      104.336159
     5     5  2017      145.780029
     6     5  2017      117.561150
     7     5  2017      104.513618
     8     5  2017       94.084900
     9     5  2017       91.756371
    10     5  2017       89.721611
    11     5  2017       85.923203
    12     5  2017       82.747124
    13     5  2017       97.823120
    14     5  2017      129.759827
    15     5  2017      125.635277
    16     5  2017      113.087006
    17     5  2017       94.035057
    18     5  2017      154.382324
    19     5  2017      293.909790
    20     5  2017      439.033905
    21     5  2017      405.303833
    22     5  2017      310.851532
    23     5  2017      282.981232
    24     5  2017      260.081116
    25     5  2017      248.489594
    26     5  2017      230.785217
    27     5  2017      235.962250
    28     5  2017      320.260437
    29     5  2017      574.826782
    30     5  2017      559.881531
    31     5  2017      735.160095
     1     6  2017     1241.363403
     2     6  2017     1006.658447
     3     6  2017      773.226562
     4     6  2017      646.132507
     5     6  2017      635.147400
     6     6  2017      627.792847
     7     6  2017      576.074768
     8     6  2017      543.607300
     9     6  2017      568.247314
    10     6  2017      596.785461
    11     6  2017      544.092163
    12     6  2017      463.407440
    13     6  2017      412.120667
    14     6  2017      366.957031
    15     6  2017      327.205200
    16     6  2017      294.043671
    17     6  2017      266.336090
    18     6  2017      242.939255
    19     6  2017      228.327499
    20     6  2017      229.712662
    21     6  2017      221.828323
    22     6  2017      202.467880
    23     6  2017      185.268188
    24     6  2017      173.383942
    25     6  2017      162.889648
    26     6  2017      153.470459
    27     6  2017      145.017670
    28     6  2017      137.424362
    29     6  2017      130.588776
    30     6  2017      124.419662
     1     7  2017      118.832825
     2     7  2017      113.767807
     3     7  2017      109.144974
     4     7  2017      104.920364
     5     7  2017      101.059090
     6     7  2017       97.523582
     7     7  2017       94.281044
     8     7  2017       91.301811
     9     7  2017       88.560417
    10     7  2017       86.034485
    11     7  2017       83.706169
    12     7  2017       81.612495
    13     7  2017       79.572250
    14     7  2017       77.719322
    15     7  2017       76.006462
    16     7  2017       74.414665
    17     7  2017       77.601021
    18     7  2017       87.730759
    19     7  2017       84.557144
    20     7  2017       78.786087
    21     7  2017       72.870430
    22     7  2017       70.713600
    23     7  2017       69.118622
    24     7  2017       67.768066
    25     7  2017       66.581902
    26     7  2017       65.516754
    27     7  2017       64.546265
    28     7  2017       63.653095
    29     7  2017       62.825069
    30     7  2017       62.053268
    31     7  2017       61.330788
     1     8  2017       60.654297
     2     8  2017       78.283028
     3     8  2017      106.373428
     4     8  2017      119.014595
     5     8  2017      106.335060
     6     8  2017       75.466637
     7     8  2017       69.778336
     8     8  2017       67.086578
     9     8  2017       65.485107
    10     8  2017       63.726692
    11     8  2017       62.237171
    12     8  2017       67.497177
    13     8  2017      101.272247
    14     8  2017      179.908264
    15     8  2017      144.960098
    16     8  2017      118.011848
    17     8  2017       91.003082
    18     8  2017       83.819359
    19     8  2017       92.260864
    20     8  2017      159.685394
    21     8  2017      279.176056
    22     8  2017      215.660721
    23     8  2017      149.321213
    24     8  2017      134.680115
    25     8  2017      125.320229
    26     8  2017      117.672134
    27     8  2017      111.140556
    28     8  2017      106.190178
    29     8  2017      106.088455
    30     8  2017       99.412865
    31     8  2017       94.500404
     1     9  2017       90.474190
     2     9  2017       86.893372
     3     9  2017       83.670746
     4     9  2017       80.718124
     5     9  2017       78.020714
     6     9  2017       75.563225
     7     9  2017       73.323303
     8     9  2017       71.279114
     9     9  2017       69.413498
    10     9  2017       67.777336
    11     9  2017       66.214996
    12     9  2017       64.785095
    13     9  2017       63.484756
    14     9  2017       62.236519
    15     9  2017       61.092815
    16     9  2017       60.192436
    17     9  2017       59.231800
    18     9  2017       58.321487
    19     9  2017       57.451675
    20     9  2017       56.652355
    21     9  2017       55.918697
    22     9  2017       55.240009
    23     9  2017       54.686817
    24     9  2017       54.325905
    25     9  2017       53.983974
    26     9  2017       54.312744
    27     9  2017       53.302792
    28     9  2017       53.374813
    29     9  2017       84.400261
    30     9  2017      130.250259
     1    10  2017      134.950623
     2    10  2017      161.668167
     3    10  2017      145.807938
     4    10  2017      102.952042
     5    10  2017       82.929024
     6    10  2017       89.532326
     7    10  2017      156.696198
     8    10  2017      207.628418
     9    10  2017      244.847458
    10    10  2017      448.702301
    11    10  2017      550.747986
    12    10  2017      537.811340
    13    10  2017      562.535461
    14    10  2017      482.568115
    15    10  2017      457.456818
    16    10  2017      382.042358
    17    10  2017      327.308655
    18    10  2017      283.647430
    19    10  2017      268.095428
    20    10  2017      280.446320
    21    10  2017      364.842133
    22    10  2017      640.934448
    23    10  2017      701.007568
    24    10  2017      559.801880
    25    10  2017      520.957886
    26    10  2017      576.471069
    27    10  2017      620.582642
    28    10  2017      571.128174
    29    10  2017      631.412720
    30    10  2017      778.279968
    31    10  2017      872.495300
     1    11  2017      714.700195
     2    11  2017      585.273804
     3    11  2017      575.849243
     4    11  2017      762.046143
     5    11  2017     1126.189941
     6    11  2017      885.138367
     7    11  2017      715.790894
     8    11  2017      597.436279
     9    11  2017      508.691254
    10    11  2017      463.565765
    11    11  2017      445.699371
    12    11  2017      463.243774
    13    11  2017      391.453278
    14    11  2017      334.544464
    15    11  2017      297.311615
    16    11  2017      274.952118
    17    11  2017      278.076996
    18    11  2017      333.038055
    19    11  2017      390.217407
    20    11  2017      355.042206
    21    11  2017      323.130035
    22    11  2017      366.869263
    23    11  2017      396.970154
    24    11  2017      318.884552
    25    11  2017      300.411133
    26    11  2017      290.384216
    27    11  2017      311.072388
    28    11  2017      264.860992
    29    11  2017      229.390259
    30    11  2017      233.676147
     1    12  2017      232.444489
     2    12  2017      224.244751
     3    12  2017      195.346375
     4    12  2017      172.162094
     5    12  2017      159.052094
     6    12  2017      191.056091
     7    12  2017      246.320724
     8    12  2017      221.260956
     9    12  2017      170.997986
    10    12  2017      149.701065
    11    12  2017      137.051834
    12    12  2017      126.799805
    13    12  2017      118.079887
    14    12  2017      110.559456
    15    12  2017      116.244041
    16    12  2017      134.455353
    17    12  2017      110.075745
    18    12  2017       99.942398
    19    12  2017      110.516960
    20    12  2017      101.361702
    21    12  2017      106.882843
    22    12  2017      118.920013
    23    12  2017      115.710449
    24    12  2017      140.554642
    25    12  2017      171.156418
    26    12  2017      144.806976
    27    12  2017      116.237869
    28    12  2017      105.571175
    29    12  2017      123.395668
    30    12  2017      179.527542
    31    12  2017      163.946991
     1     1  2018      172.976044
     2     1  2018      182.185883
     3     1  2018      175.874268
     4     1  2018      178.748123
     5     1  2018      151.058929
     6     1  2018      133.502411
     7     1  2018      133.530746
     8     1  2018      116.431587
     9     1  2018      108.623917
    10     1  2018      103.629433
    11     1  2018       96.793114
    12     1  2018       94.270309
    13     1  2018      110.171844
    14     1  2018      154.375214
    15     1  2018      160.769089
    16     1  2018      206.300140
    17     1  2018      216.276749
    18     1  2018      208.351776
    19     1  2018      206.518921
    20     1  2018      183.839752
    21     1  2018      171.193344
    22     1  2018      165.285431
    23     1  2018      194.850006
    24     1  2018      183.281860
    25     1  2018      209.424057
    26     1  2018      230.899887
    27     1  2018      184.986389
    28     1  2018      188.109055
    29     1  2018      171.701508
    30     1  2018      179.589920
    31     1  2018      177.446838
     1     2  2018      142.181290
     2     2  2018      130.664459
     3     2  2018      121.155777
     4     2  2018      112.766357
     5     2  2018      105.411644
     6     2  2018       98.980316
     7     2  2018       94.342728
     8     2  2018       94.346901
     9     2  2018      106.007401
    10     2  2018      137.238022
    11     2  2018      125.455963
    12     2  2018      119.556488
    13     2  2018      119.504921
    14     2  2018      103.537064
    15     2  2018       90.833397
    16     2  2018       84.739594
    17     2  2018       80.264992
    18     2  2018       81.348602
    19     2  2018       95.334999
    20     2  2018      132.867050
    21     2  2018      119.163551
    22     2  2018       97.141342
    23     2  2018       88.272049
    24     2  2018       79.570442
    25     2  2018       75.164642
    26     2  2018       71.882401
    27     2  2018       69.295601
    28     2  2018       75.935562
     1     3  2018      111.110764
     2     3  2018      160.703430
     3     3  2018      131.133591
     4     3  2018      140.304657
     5     3  2018      149.718002
     6     3  2018      116.776276
     7     3  2018      101.268173
     8     3  2018       94.536148
     9     3  2018       88.887047
    10     3  2018       83.228996
    11     3  2018       79.497627
    12     3  2018       78.300034
    13     3  2018       77.383110
    14     3  2018       71.594025
    15     3  2018       85.043900
    16     3  2018      139.635452
    17     3  2018      157.409698
    18     3  2018      130.613602
    19     3  2018      125.007027
    20     3  2018      139.180923
    21     3  2018      164.130936
    22     3  2018      214.447479
    23     3  2018      204.530350
    24     3  2018      193.542542
    25     3  2018      283.128204
    26     3  2018      385.598480
    27     3  2018      352.433929
    28     3  2018      340.699280
    29     3  2018      366.835938
    30     3  2018      404.458984
    31     3  2018      371.547943
     1     4  2018      382.476227
     2     4  2018      411.179504
     3     4  2018      362.269592
     4     4  2018      323.940918
     5     4  2018      288.394257
     6     4  2018      257.646576
     7     4  2018      231.700302
     8     4  2018      209.288422
     9     4  2018      190.089386
    10     4  2018      173.646530
    11     4  2018      159.515793
    12     4  2018      147.317001
    13     4  2018      136.833054
    14     4  2018      136.692505
    15     4  2018      157.887253
    16     4  2018      157.385880
    17     4  2018      152.300446
    18     4  2018      138.598389
    19     4  2018      118.903503
    20     4  2018      111.646347
    21     4  2018      105.587898
    22     4  2018      102.238876
    23     4  2018      111.247780
    24     4  2018      102.892067
    25     4  2018       94.357834
    26     4  2018       88.854980
    27     4  2018       84.907433
    28     4  2018       81.470215
    29     4  2018       78.406166
    30     4  2018       75.664536
     1     5  2018       73.202660
     2     5  2018       70.989204
     3     5  2018       68.989487
     4     5  2018       67.206306
     5     5  2018       65.588318
     6     5  2018       64.425484
     7     5  2018       63.383480
     8     5  2018       62.461338
     9     5  2018       64.300743
    10     5  2018       61.396637
    11     5  2018       62.677166
    12     5  2018       65.273338
    13     5  2018       66.178551
    14     5  2018       61.197842
    15     5  2018       72.491112
    16     5  2018       97.131554
    17     5  2018      102.195824
    18     5  2018      122.729721
    19     5  2018      181.868683
    20     5  2018      178.343033
    21     5  2018      141.382599
    22     5  2018      106.535339
    23     5  2018       95.957611
    24     5  2018       90.047379
    25     5  2018       85.646904
    26     5  2018       83.065323
    27     5  2018       79.719925
    28     5  2018       76.827080
    29     5  2018       74.370270
    30     5  2018       72.200531
    31     5  2018       70.251381
     1     6  2018       77.992325
     2     6  2018      109.532402
     3     6  2018       99.627846
     4     6  2018       87.191078
     5     6  2018       87.235626
     6     6  2018       96.291809
     7     6  2018       83.097122
     8     6  2018       76.241371
     9     6  2018       72.616936
    10     6  2018       70.409592
    11     6  2018       68.651886
    12     6  2018       76.863693
    13     6  2018      133.277878
    14     6  2018      126.243210
    15     6  2018      103.936348
    16     6  2018       88.952202
    17     6  2018       84.888077
    18     6  2018       81.819649
    19     6  2018       77.950790
    20     6  2018       75.463196
    21     6  2018       73.291855
    22     6  2018       71.321800
    23     6  2018       69.522980
    24     6  2018       69.335556
    25     6  2018       82.469765
    26     6  2018      141.587158
    27     6  2018      226.927170
    28     6  2018      265.874420
    29     6  2018      251.770599
    30     6  2018      209.388107
     1     7  2018      218.599030
     2     7  2018      206.751282
     3     7  2018      185.485519
     4     7  2018      174.904175
     5     7  2018      165.526627
     6     7  2018      152.752396
     7     7  2018      141.779816
     8     7  2018      132.482544
     9     7  2018      125.058426
    10     7  2018      123.176544
    11     7  2018      116.550026
    12     7  2018      108.651039
    13     7  2018      103.234192
    14     7  2018       98.421974
    15     7  2018       94.064774
    16     7  2018       90.112686
    17     7  2018       86.521545
    18     7  2018       83.251625
    19     7  2018       80.303940
    20     7  2018       82.884415
    21     7  2018       89.097275
    22     7  2018       90.730530
    23     7  2018       86.574982
    24     7  2018       76.615723
    25     7  2018       73.763466
    26     7  2018       72.908180
    27     7  2018       72.726372
    28     7  2018       68.090652
    29     7  2018       66.217171
    30     7  2018       65.497932
    31     7  2018       64.469528
     1     8  2018       62.184204
     2     8  2018       60.769733
     3     8  2018       63.204247
     4     8  2018       67.407951
     5     8  2018       63.115402
     6     8  2018       60.484467
     7     8  2018       57.374237
     8     8  2018       72.370735
     9     8  2018       94.166298
    10     8  2018      100.103439
    11     8  2018       85.532860
    12     8  2018       70.875946
    13     8  2018       64.130836
    14     8  2018       61.393841
    15     8  2018       59.414394
    16     8  2018       57.820099
    17     8  2018       56.477665
    18     8  2018       55.313259
    19     8  2018       54.281960
    20     8  2018       53.474560
    21     8  2018       67.963821
    22     8  2018      117.323494
    23     8  2018      130.909515
    24     8  2018      136.403183
    25     8  2018      152.597595
    26     8  2018      168.896255
    27     8  2018      150.603119
    28     8  2018      107.777489
    29     8  2018       99.493317
    30     8  2018       93.845596
    31     8  2018       93.310684
     1     9  2018      135.854843
     2     9  2018      266.444031
     3     9  2018      405.088989
     4     9  2018      385.246399
     5     9  2018      352.878937
     6     9  2018      304.555786
     7     9  2018      270.488525
     8     9  2018      241.491608
     9     9  2018      215.864166
    10     9  2018      193.862808
    11     9  2018      175.161041
    12     9  2018      159.257843
    13     9  2018      151.370270
    14     9  2018      148.894897
    15     9  2018      154.930740
    16     9  2018      157.185471
    17     9  2018      146.115662
    18     9  2018      147.566330
    19     9  2018      196.594696
    20     9  2018      266.660187
    21     9  2018      292.755005
    22     9  2018      219.837280
    23     9  2018      190.122406
    24     9  2018      181.431015
    25     9  2018      199.134033
    26     9  2018      211.502823
    27     9  2018      204.459915
    28     9  2018      216.297226
    29     9  2018      194.577560
    30     9  2018      172.644287
     1    10  2018      174.658875
     2    10  2018      215.410736
     3    10  2018      270.401306
     4    10  2018      289.088409
     5    10  2018      293.583038
     6    10  2018      308.685730
     7    10  2018      313.387085
     8    10  2018      328.690735
     9    10  2018      294.207458
    10    10  2018      262.342468
    11    10  2018      229.874863
    12    10  2018      206.185516
    13    10  2018      318.751221
    14    10  2018      604.378906
    15    10  2018      542.149353
    16    10  2018      547.259277
    17    10  2018      565.700867
    18    10  2018      496.305939
    19    10  2018      510.040070
    20    10  2018      543.308533
    21    10  2018      542.768127
    22    10  2018      435.892853
    23    10  2018      369.331879
    24    10  2018      347.219421
    25    10  2018      387.902405
    26    10  2018      376.208466
    27    10  2018      368.441071
    28    10  2018      363.275787
    29    10  2018      302.438232
    30    10  2018      264.558228
    31    10  2018      293.715912
     1    11  2018      416.919739
     2    11  2018      443.436249
     3    11  2018      437.565216
     4    11  2018      409.129761
     5    11  2018      418.272522
     6    11  2018      374.418762
     7    11  2018      312.981903
     8    11  2018      275.294983
     9    11  2018      243.017059
    10    11  2018      215.736679
    11    11  2018      192.855499
    12    11  2018      173.635574
    13    11  2018      157.416504
    14    11  2018      171.382858
    15    11  2018      227.541565
    16    11  2018      196.324326
    17    11  2018      183.575592
    18    11  2018      165.156235
    19    11  2018      201.247711
    20    11  2018      203.125992
    21    11  2018      181.443573
    22    11  2018      144.699112
    23    11  2018      186.707367
    24    11  2018      264.609375
    25    11  2018      254.407776
    26    11  2018      217.662827
    27    11  2018      176.835358
    28    11  2018      167.378555
    29    11  2018      184.282516
    30    11  2018      225.621307
     1    12  2018      370.552826
     2    12  2018      318.966309
     3    12  2018      272.989441
     4    12  2018      224.275238
     5    12  2018      200.533875
     6    12  2018      180.480225
     7    12  2018      163.261505
     8    12  2018      148.555389
     9    12  2018      135.989761
    10    12  2018      125.221596
    11    12  2018      115.957924
    12    12  2018      107.954025
    13    12  2018      101.745735
    14    12  2018       95.856613
    15    12  2018       91.058929
    16    12  2018       89.199699
    17    12  2018      116.030098
    18    12  2018      142.298248
    19    12  2018       97.396286
    20    12  2018       88.781387
    21    12  2018       96.120033
    22    12  2018      107.113129
    23    12  2018       98.835785
    24    12  2018       90.611877
    25    12  2018       81.495796
    26    12  2018       96.695732
    27    12  2018      114.483322
    28    12  2018      125.375481
    29    12  2018       93.835831
    30    12  2018       85.352715
    31    12  2018      105.544983
     1     1  2019      138.989899
     2     1  2019      105.534409
     3     1  2019       88.996384
     4     1  2019       91.853851
     5     1  2019      147.215652
     6     1  2019      194.243393
     7     1  2019      150.611191
     8     1  2019      199.637192
     9     1  2019      289.212341
    10     1  2019      235.394135
    11     1  2019      235.280914
    12     1  2019      236.815735
    13     1  2019      212.869781
    14     1  2019      205.401840
    15     1  2019      216.936859
    16     1  2019      220.868332
    17     1  2019      186.905930
    18     1  2019      167.634598
    19     1  2019      188.573257
    20     1  2019      250.460068
    21     1  2019      188.004242
    22     1  2019      163.499390
    23     1  2019      152.630096
    24     1  2019      148.340393
    25     1  2019      163.401611
    26     1  2019      140.432022
    27     1  2019      126.652153
    28     1  2019      112.184784
    29     1  2019      103.040482
    30     1  2019       95.731880
    31     1  2019       93.682198
     1     2  2019       97.267273
     2     2  2019      139.348984
     3     2  2019      243.420654
     4     2  2019      187.613037
     5     2  2019      194.784760
     6     2  2019      155.832031
     7     2  2019      141.660461
     8     2  2019      127.123344
     9     2  2019      115.320374
    10     2  2019      104.559700
    11     2  2019      114.787956
    12     2  2019      138.826904
    13     2  2019      142.709686
    14     2  2019      130.616943
    15     2  2019      145.447571
    16     2  2019      285.800873
    17     2  2019      353.108276
    18     2  2019      390.594238
    19     2  2019      314.442169
    20     2  2019      277.297852
    21     2  2019      272.280884
    22     2  2019      240.655991
    23     2  2019      207.237076
    24     2  2019      185.323654
    25     2  2019      192.627518
    26     2  2019      241.805664
    27     2  2019      248.526443
    28     2  2019      201.315781
     1     3  2019      173.129654
     2     3  2019      156.085693
     3     3  2019      141.800491
     4     3  2019      129.728241
     5     3  2019      119.531097
     6     3  2019      133.447205
     7     3  2019      260.346802
     8     3  2019      446.526215
     9     3  2019      402.437805
    10     3  2019      329.662384
    11     3  2019      282.617218
    12     3  2019      247.632660
    13     3  2019      245.142212
    14     3  2019      244.618149
    15     3  2019      274.213104
    16     3  2019      253.002777
    17     3  2019      259.030334
    18     3  2019      297.794678
    19     3  2019      404.880005
    20     3  2019      366.284943
    21     3  2019      318.619263
    22     3  2019      275.684265
    23     3  2019      244.398605
    24     3  2019      224.182404
    25     3  2019      210.811615
    26     3  2019      183.436569
    27     3  2019      166.793137
    28     3  2019      152.510178
    29     3  2019      140.230103
    30     3  2019      130.002808
    31     3  2019      120.548088
     1     4  2019      113.725098
     2     4  2019      106.261902
     3     4  2019      111.833405
     4     4  2019      122.931496
     5     4  2019      140.753555
     6     4  2019      290.196533
     7     4  2019      281.099335
     8     4  2019      246.776428
     9     4  2019      198.182083
    10     4  2019      182.716721
    11     4  2019      173.136917
    12     4  2019      156.976471
    13     4  2019      143.620071
    14     4  2019      132.572205
    15     4  2019      126.749168
    16     4  2019      130.173996
    17     4  2019      125.957878
    18     4  2019      122.573486
    19     4  2019      106.406464
    20     4  2019      117.978333
    21     4  2019      162.844543
    22     4  2019      213.285675
    23     4  2019      202.985031
    24     4  2019      175.603653
    25     4  2019      144.010605
    26     4  2019      133.508636
    27     4  2019      164.818268
    28     4  2019      254.099976
    29     4  2019      306.334015
    30     4  2019      271.050720
     1     5  2019      235.882385
     2     5  2019      288.897339
     3     5  2019      267.401428
     4     5  2019      253.702271
     5     5  2019      220.349121
     6     5  2019      214.092407
     7     5  2019      210.425095
     8     5  2019      198.813614
     9     5  2019      202.245834
    10     5  2019      269.481812
    11     5  2019      274.076630
    12     5  2019      312.359467
    13     5  2019      337.364532
    14     5  2019      295.327240
    15     5  2019      263.843201
    16     5  2019      245.168869
    17     5  2019      221.897156
    18     5  2019      204.376434
    19     5  2019      188.835876
    20     5  2019      175.044006
    21     5  2019      162.914597
    22     5  2019      158.170303
    23     5  2019      190.916626
    24     5  2019      232.653931
    25     5  2019      216.671616
    26     5  2019      199.956985
    27     5  2019      187.891571
    28     5  2019      280.334656
    29     5  2019      634.600525
    30     5  2019      747.103271
    31     5  2019     1194.603516
     1     6  2019     1227.463989
     2     6  2019     1176.742554
     3     6  2019      758.081177
     4     6  2019      606.557373
     5     6  2019      507.344147
     6     6  2019      433.879608
     7     6  2019      377.635468
     8     6  2019      333.105438
     9     6  2019      297.243011
    10     6  2019      269.437195
    11     6  2019      245.202866
    12     6  2019      223.843857
    13     6  2019      205.715271
    14     6  2019      190.188995
    15     6  2019      176.726349
    16     6  2019      165.064041
    17     6  2019      157.669418
    18     6  2019      147.842621
    19     6  2019      138.910156
    20     6  2019      131.269165
    21     6  2019      124.809479
    22     6  2019      118.639648
    23     6  2019      113.172707
    24     6  2019      108.485680
    25     6  2019      103.952156
    26     6  2019      130.717987
    27     6  2019      227.654755
    28     6  2019      181.605820
    29     6  2019      136.071014
    30     6  2019      126.236481
     1     7  2019      131.530853
     2     7  2019      151.622543
     3     7  2019      151.938507
     4     7  2019      161.328140
     5     7  2019      132.410294
     6     7  2019      122.742554
     7     7  2019      117.234291
     8     7  2019      111.924232
     9     7  2019      107.011429
    10     7  2019      103.748825
    11     7  2019       99.829521
    12     7  2019       95.523407
    13     7  2019       91.731606
    14     7  2019       95.023483
    15     7  2019      105.359802
    16     7  2019      107.551468
    17     7  2019      100.512184
    18     7  2019       89.396881
    19     7  2019       84.771324
    20     7  2019       81.657402
    21     7  2019       79.008522
    22     7  2019       76.580200
    23     7  2019       74.462105
    24     7  2019       72.744987
    25     7  2019       70.947685
    26     7  2019       69.292160
    27     7  2019       67.797600
    28     7  2019       66.629097
    29     7  2019       65.296547
    30     7  2019       68.940208
    31     7  2019       87.691299
     1     8  2019       81.032524
     2     8  2019       67.780830
     3     8  2019       66.824165
     4     8  2019       66.591927
     5     8  2019       67.111824
     6     8  2019       61.819855
     7     8  2019       60.429623
     8     8  2019       59.389465
     9     8  2019       58.438736
    10     8  2019       57.578926
    11     8  2019       56.791553
    12     8  2019       56.077141
    13     8  2019       55.397034
    14     8  2019       54.785667
    15     8  2019       54.258804
    16     8  2019       53.631413
    17     8  2019       53.107964
    18     8  2019       56.690601
    19     8  2019       63.240162
    20     8  2019       66.508148
    21     8  2019       69.963348
    22     8  2019       54.836914
    23     8  2019       53.502094
    24     8  2019       54.560406
    25     8  2019       55.477734
    26     8  2019       51.557678
    27     8  2019       50.795990
    28     8  2019       50.324780
    29     8  2019       49.911781
    30     8  2019       49.534302
    31     8  2019       61.173058
     1     9  2019       78.462509
     2     9  2019       68.906525
     3     9  2019       67.174095
     4     9  2019       54.046452
     5     9  2019       51.806915
     6     9  2019       50.738655
     7     9  2019       50.241375
     8     9  2019       53.093719
     9     9  2019       54.467529
    10     9  2019       48.812435
    11     9  2019       48.028221
    12     9  2019       51.259850
    13     9  2019       58.665218
    14     9  2019       54.159218
    15     9  2019       49.097614
    16     9  2019       47.856594
    17     9  2019       47.172913
    18     9  2019       47.006981
    19     9  2019       64.575645
    20     9  2019      103.200485
    21     9  2019      121.616730
    22     9  2019       99.371033
    23     9  2019       64.569786
    24     9  2019       57.343925
    25     9  2019       54.155163
    26     9  2019       52.077610
    27     9  2019       50.585457
    28     9  2019       49.446575
    29     9  2019       48.539032
    30     9  2019       47.792473
     1    10  2019       47.145924
     2    10  2019       55.246956
     3    10  2019       71.220016
     4    10  2019       81.480057
     5    10  2019       77.745972
     6    10  2019       82.075439
     7    10  2019       87.757065
     8    10  2019       81.058144
     9    10  2019       58.058456
    10    10  2019       53.596069
    11    10  2019       51.340626
    12    10  2019       49.759163
    13    10  2019       48.560974
    14    10  2019       48.423599
    15    10  2019       49.078148
    16    10  2019       47.627808
    17    10  2019       47.918167
    18    10  2019       47.834198
    19    10  2019       51.292553
    20    10  2019       55.178226
    21    10  2019       74.209053
    22    10  2019      102.518204
    23    10  2019       85.318672
    24    10  2019       59.167927
    25    10  2019       53.065834
    26    10  2019       50.354099
    27    10  2019       61.992989
    28    10  2019       85.522598
    29    10  2019       94.836174
    30    10  2019       86.179596
    31    10  2019       84.462044
     1    11  2019       85.416092
     2    11  2019       67.917282
     3    11  2019       63.580585
     4    11  2019       71.642967
     5    11  2019      119.314209
     6    11  2019      154.767441
     7    11  2019      135.754852
     8    11  2019       93.299004
     9    11  2019      101.048813
    10    11  2019      155.364883
    11    11  2019      152.336121
    12    11  2019      144.522644
    13    11  2019      140.264877
    14    11  2019      227.599823
    15    11  2019      212.336685
    16    11  2019      185.835480
    17    11  2019      146.219955
    18    11  2019      130.190826
    19    11  2019      118.019859
    20    11  2019      107.739960
    21    11  2019      100.799652
    22    11  2019       95.813232
    23    11  2019       86.412895
    24    11  2019       80.803436
    25    11  2019       77.989471
    26    11  2019       96.442078
    27    11  2019      143.585083
    28    11  2019      180.979385
    29    11  2019      180.896332
    30    11  2019      115.689690
     1    12  2019      102.760826
     2    12  2019       94.104836
     3    12  2019       88.094170
     4    12  2019      112.649445
     5    12  2019      181.602234
     6    12  2019      177.633957
     7    12  2019      131.940964
     8    12  2019      110.922791
     9    12  2019      114.852135
    10    12  2019      117.831955
    11    12  2019       98.177773
    12    12  2019       87.766731
    13    12  2019       84.200195
    14    12  2019       88.131081
    15    12  2019      136.606506
    16    12  2019      212.384506
    17    12  2019      208.718124
    18    12  2019      234.696838
    19    12  2019      165.490967
    20    12  2019      148.036682
    21    12  2019      140.773605
    22    12  2019      138.822067
    23    12  2019      127.791183
    24    12  2019      109.155228
    25    12  2019      100.066765
    26    12  2019       92.774872
    27    12  2019       89.180466
    28    12  2019       82.359276
    29    12  2019       76.739166
    30    12  2019       72.125755
    31    12  2019       76.213524
     1     1  2020       78.558067
     2     1  2020       72.067589
     3     1  2020       65.907845
     4     1  2020       62.637535
     5     1  2020       59.383354
     6     1  2020       60.689133
     7     1  2020       58.895470
     8     1  2020       53.794281
     9     1  2020       53.497009
    10     1  2020       66.761391
    11     1  2020      102.927025
    12     1  2020      137.144989
    13     1  2020      116.878464
    14     1  2020       89.442833
    15     1  2020       90.002945
    16     1  2020      100.993294
    17     1  2020      112.572617
    18     1  2020       90.841034
    19     1  2020       74.338753
    20     1  2020       68.410286
    21     1  2020       64.349701
    22     1  2020       62.293472
    23     1  2020       64.424004
    24     1  2020       62.569050
    25     1  2020       57.734051
    26     1  2020       55.143169
    27     1  2020       53.223030
    28     1  2020       51.730473
    29     1  2020       65.961143
    30     1  2020      145.653915
    31     1  2020      206.562729
     1     2  2020      122.293289
     2     2  2020      147.859344
     3     2  2020      269.918823
     4     2  2020      189.644058
     5     2  2020      130.789001
     6     2  2020      115.641998
     7     2  2020      113.217361
     8     2  2020      111.116104
     9     2  2020      100.916664
    10     2  2020      101.006172
    11     2  2020      103.869537
    12     2  2020       89.430542
    13     2  2020       82.598320
    14     2  2020       77.639336
    15     2  2020       73.487617
    16     2  2020       69.907738
    17     2  2020       66.804779
    18     2  2020       65.079208
    19     2  2020       70.677208
    20     2  2020       72.036026
    21     2  2020       60.069515
    22     2  2020       57.278824
    23     2  2020       55.300442
    24     2  2020       53.724136
    25     2  2020      122.332161
    26     2  2020      311.232056
    27     2  2020      290.460724
    28     2  2020      193.647049
    29     2  2020      142.070801
     1     3  2020      125.898422
     2     3  2020      114.455826
     3     3  2020      105.267685
     4     3  2020       98.781891
     5     3  2020       94.786110
     6     3  2020       87.134262
     7     3  2020       82.876266
     8     3  2020       84.069855
     9     3  2020       79.438896
    10     3  2020       72.284401
    11     3  2020       68.663078
    12     3  2020       65.656975
    13     3  2020       63.000801
    14     3  2020       60.634830
    15     3  2020       58.517544
    16     3  2020       56.616798
    17     3  2020       54.920219
    18     3  2020       91.396187
    19     3  2020      201.562180
    20     3  2020      165.920822
    21     3  2020      101.981407
    22     3  2020       86.470108
    23     3  2020       79.156654
    24     3  2020       73.853905
    25     3  2020       69.691803
    26     3  2020       66.710365
    27     3  2020       65.060921
    28     3  2020       61.699661
    29     3  2020       59.923923
    30     3  2020       58.491257
    31     3  2020       57.494537
     1     4  2020       54.660126
     2     4  2020       54.977203
     3     4  2020       61.245846
     4     4  2020       56.116604
     5     4  2020       51.285587
     6     4  2020       71.269440
     7     4  2020      119.852921
     8     4  2020       84.640266
     9     4  2020       64.292336
    10     4  2020       59.008663
    11     4  2020       55.868080
    12     4  2020       53.615864
    13     4  2020       73.512787
    14     4  2020      117.606400
    15     4  2020       87.687737
    16     4  2020       69.431412
    17     4  2020       61.265579
    18     4  2020       57.800224
    19     4  2020       55.447361
    20     4  2020       53.606548
    21     4  2020       52.086811
    22     4  2020       50.787506
    23     4  2020       49.650204
    24     4  2020       48.638367
    25     4  2020       47.727577
    26     4  2020       46.900677
    27     4  2020       46.145164
    28     4  2020       45.451447
    29     4  2020       44.811913
    30     4  2020       44.220444
     1     5  2020       43.676479
     2     5  2020       43.217873
     3     5  2020       42.977917
     4     5  2020       42.320801
     5     5  2020       53.147118
     6     5  2020       86.456963
     7     5  2020       83.019722
     8     5  2020       60.071854
     9     5  2020       51.654415
    10     5  2020       48.639484
    11     5  2020       46.758591
    12     5  2020       52.073154
    13     5  2020      117.752220
    14     5  2020      180.565659
    15     5  2020      117.015388
    16     5  2020       87.618843
    17     5  2020       78.108543
    18     5  2020       72.299400
    19     5  2020       68.205742
    20     5  2020       65.088165
    21     5  2020       62.577423
    22     5  2020      170.233902
    23     5  2020      449.224670
    24     5  2020      328.376953
    25     5  2020      221.931458
    26     5  2020      194.996063
    27     5  2020      177.158340
    28     5  2020      162.506836
    29     5  2020      150.045456
    30     5  2020      139.269363
    31     5  2020      135.791656
     1     6  2020      142.525146
     2     6  2020      142.891571
     3     6  2020      128.620026
     4     6  2020      168.096588
     5     6  2020      337.632874
     6     6  2020      350.967865
     7     6  2020      287.064484
     8     6  2020      240.121826
     9     6  2020      336.025116
    10     6  2020      838.078796
    11     6  2020     1038.209229
    12     6  2020      879.595215
    13     6  2020      765.807312
    14     6  2020      662.808411
    15     6  2020      558.996094
    16     6  2020      468.906677
    17     6  2020      402.417755
    18     6  2020      349.006226
    19     6  2020      306.325073
    20     6  2020      271.851715
    21     6  2020      243.595337
    22     6  2020      220.101669
    23     6  2020      200.316269
    24     6  2020      183.467361
    25     6  2020      189.785187
    26     6  2020      234.077805
    27     6  2020      207.278534
    28     6  2020      176.381485
    29     6  2020      168.629074
    30     6  2020      195.394989
     1     7  2020      274.116608
     2     7  2020      236.023987
     3     7  2020      194.241486
     4     7  2020      179.264511
     5     7  2020      166.223663
     6     7  2020      159.414062
     7     7  2020      172.886139
     8     7  2020      233.732437
     9     7  2020      255.111877
    10     7  2020      213.442657
    11     7  2020      183.339859
    12     7  2020      172.026886
    13     7  2020      162.792130
    14     7  2020      149.604370
    15     7  2020      140.873871
    16     7  2020      131.770065
    17     7  2020      125.654198
    18     7  2020      119.411850
    19     7  2020      112.255051
    20     7  2020      106.076775
    21     7  2020      100.736916
    22     7  2020       95.962852
    23     7  2020       91.641266
    24     7  2020       87.715317
    25     7  2020       87.509438
    26     7  2020       87.696190
    27     7  2020       81.360596
    28     7  2020       79.962051
    29     7  2020       87.186386
    30     7  2020       85.257645
    31     7  2020       74.132004
     1     8  2020       70.990982
     2     8  2020       68.683853
     3     8  2020       66.603119
     4     8  2020       64.686424
     5     8  2020       62.917255
     6     8  2020       61.284527
     7     8  2020       59.776402
     8     8  2020       58.381916
     9     8  2020       57.091061
    10     8  2020       55.894920
    11     8  2020       54.785492
    12     8  2020       95.650330
    13     8  2020      194.082565
    14     8  2020      142.674835
    15     8  2020      179.684067
    16     8  2020      210.170380
    17     8  2020      176.670532
    18     8  2020      205.505722
    19     8  2020      335.277557
    20     8  2020      292.787903
    21     8  2020      238.997223
    22     8  2020      210.875763
    23     8  2020      191.752121
    24     8  2020      174.992722
    25     8  2020      160.354645
    26     8  2020      147.626007
    27     8  2020      136.541809
    28     8  2020      126.854599
    29     8  2020      118.351074
    30     8  2020      110.853691
    31     8  2020      104.215569
     1     9  2020       98.315941
     2     9  2020       93.038124
     3     9  2020       88.295486
     4     9  2020       84.319565
     5     9  2020       81.399712
     6     9  2020       76.849724
     7     9  2020       73.590561
     8     9  2020       70.687988
     9     9  2020       68.056030
    10     9  2020       65.670135
    11     9  2020       63.506393
    12     9  2020       61.542019
    13     9  2020       59.756241
    14     9  2020       58.130398
    15     9  2020       56.648018
    16     9  2020       55.323330
    17     9  2020       59.557415
    18     9  2020       68.813637
    19     9  2020       68.748947
    20     9  2020       55.850822
    21     9  2020       53.553123
    22     9  2020       52.761730
    23     9  2020       50.902462
    24     9  2020       49.766727
    25     9  2020       48.847473
    26     9  2020       48.040161
    27     9  2020       60.507889
    28     9  2020      110.424477
    29     9  2020      139.721863
    30     9  2020       93.620735
     1    10  2020       68.662659
     2    10  2020       61.721504
     3    10  2020       57.741474
     4    10  2020       63.845688
     5    10  2020       73.502151
     6    10  2020       54.557709
     7    10  2020       51.874107
     8    10  2020       73.330147
     9    10  2020      128.305771
    10    10  2020      136.157578
    11    10  2020       92.963753
    12    10  2020       72.866631
    13    10  2020       66.121490
    14    10  2020       93.873062
    15    10  2020      145.400040
    16    10  2020      107.574799
    17    10  2020       82.357727
    18    10  2020       73.432388
    19    10  2020       68.159630
    20    10  2020       64.291428
    21    10  2020       61.260307
    22    10  2020       58.779209
    23    10  2020       56.686012
    24    10  2020       54.952526
    25    10  2020       53.576012
    26    10  2020       56.164619
    27    10  2020       61.691536
    28    10  2020       54.307259
    29    10  2020       51.318428
    30    10  2020       51.568958
    31    10  2020       51.677723
     1    11  2020       49.009243
     2    11  2020       49.084030
     3    11  2020       46.014359
     4    11  2020       45.116844
     5    11  2020       44.502693
     6    11  2020       43.791718
     7    11  2020       43.207211
     8    11  2020       42.690350
     9    11  2020       50.102150
    10    11  2020       63.909813
    11    11  2020       56.339161
    12    11  2020       63.619637
    13    11  2020       62.794994
    14    11  2020       54.776218
    15    11  2020       66.233315
    16    11  2020       72.600212
    17    11  2020       56.409676
    18    11  2020       55.155224
    19    11  2020       66.650620
    20    11  2020       57.368637
    21    11  2020       48.230247
    22    11  2020       44.926598
    23    11  2020       43.282116
    24    11  2020       42.212418
    25    11  2020       41.392082
    26    11  2020       40.743767
    27    11  2020       41.352203
    28    11  2020       62.701950
    29    11  2020       79.757576
    30    11  2020       95.187035
     1    12  2020      120.697388
     2    12  2020      106.019379
     3    12  2020      161.360245
     4    12  2020      216.479874
     5    12  2020      194.009598
     6    12  2020      248.526855
     7    12  2020      244.700958
     8    12  2020      171.780426
     9    12  2020      148.996536
    10    12  2020      130.977631
    11    12  2020      115.712036
    12    12  2020      104.962738
    13    12  2020      128.010590
    14    12  2020      211.042709
    15    12  2020      139.802475
    16    12  2020      112.606956
    17    12  2020      108.340164
    18    12  2020       96.092644
    19    12  2020       90.693474
    20    12  2020      120.878220
    21    12  2020      188.395523
    22    12  2020      154.401917
    23    12  2020      111.351250
    24    12  2020       99.202904
    25    12  2020       90.601456
    26    12  2020       83.220200
    27    12  2020       76.938179
    28    12  2020       79.636391
    29    12  2020      103.374756
    30    12  2020       91.828857
    31    12  2020       84.469170
