     1     1  2017        0.430602
     2     1  2017        1.216660
     3     1  2017        2.128904
     4     1  2017        6.458299
     5     1  2017       29.325043
     6     1  2017       56.645668
     7     1  2017       55.234455
     8     1  2017       43.373299
     9     1  2017       40.114376
    10     1  2017       46.998016
    11     1  2017       47.882584
    12     1  2017       42.776852
    13     1  2017       36.485245
    14     1  2017       32.565544
    15     1  2017       30.367565
    16     1  2017       27.134792
    17     1  2017       26.714787
    18     1  2017       30.827023
    19     1  2017       30.812033
    20     1  2017       25.495075
    21     1  2017       22.251583
    22     1  2017       20.276356
    23     1  2017       21.296173
    24     1  2017       21.996920
    25     1  2017       25.287004
    26     1  2017       35.438702
    27     1  2017       35.642593
    28     1  2017       30.994265
    29     1  2017       30.147549
    30     1  2017       27.245731
    31     1  2017       34.438309
     1     2  2017       43.572693
     2     2  2017       41.810356
     3     2  2017       40.000072
     4     2  2017       36.696793
     5     2  2017       33.090343
     6     2  2017       30.582966
     7     2  2017       27.177612
     8     2  2017       24.926991
     9     2  2017       24.598900
    10     2  2017       22.477280
    11     2  2017       27.934294
    12     2  2017       52.166763
    13     2  2017       68.572876
    14     2  2017       63.442692
    15     2  2017       56.882423
    16     2  2017       49.471889
    17     2  2017       45.159370
    18     2  2017       43.723423
    19     2  2017       39.431671
    20     2  2017       35.672348
    21     2  2017       32.602924
    22     2  2017       29.899696
    23     2  2017       28.900942
    24     2  2017       30.395145
    25     2  2017       28.579245
    26     2  2017       25.637035
    27     2  2017       23.388319
    28     2  2017       25.387489
     1     3  2017       31.816668
     2     3  2017       39.913666
     3     3  2017       44.448936
     4     3  2017       37.747833
     5     3  2017       35.918262
     6     3  2017       38.639404
     7     3  2017       33.459187
     8     3  2017       29.032541
     9     3  2017       26.549946
    10     3  2017       25.137518
    11     3  2017       23.365623
    12     3  2017       25.330025
    13     3  2017       30.527859
    14     3  2017       27.276083
    15     3  2017       23.520157
    16     3  2017       22.229736
    17     3  2017       22.462654
    18     3  2017       21.636612
    19     3  2017       20.035347
    20     3  2017       18.326744
    21     3  2017       16.867662
    22     3  2017       15.755447
    23     3  2017       14.817754
    24     3  2017       13.989326
    25     3  2017       13.231287
    26     3  2017       12.528659
    27     3  2017       11.885317
    28     3  2017       11.297348
    29     3  2017       10.754333
    30     3  2017       10.252325
    31     3  2017        9.784733
     1     4  2017        9.349184
     2     4  2017        8.944393
     3     4  2017        8.568846
     4     4  2017        8.310744
     5     4  2017       13.113317
     6     4  2017       24.262299
     7     4  2017       24.634359
     8     4  2017       18.944311
     9     4  2017       14.619287
    10     4  2017       12.509911
    11     4  2017       11.311818
    12     4  2017       10.465603
    13     4  2017        9.681833
    14     4  2017        9.012980
    15     4  2017        8.543966
    16     4  2017        8.153172
    17     4  2017        7.846345
    18     4  2017        7.562702
    19     4  2017        7.255111
    20     4  2017        8.395281
    21     4  2017       11.377443
    22     4  2017       11.771589
    23     4  2017        9.902048
    24     4  2017        8.496867
    25     4  2017        7.657290
    26     4  2017       10.523355
    27     4  2017       18.988708
    28     4  2017       16.051126
    29     4  2017       11.829182
    30     4  2017        9.968088
     1     5  2017        8.851882
     2     5  2017        8.096319
     3     5  2017        7.579404
     4     5  2017        8.841249
     5     5  2017       11.586544
     6     5  2017        9.974312
     7     5  2017        8.338707
     8     5  2017        7.566391
     9     5  2017        7.069825
    10     5  2017        6.710885
    11     5  2017        6.434202
    12     5  2017        6.297385
    13     5  2017        9.409266
    14     5  2017       15.639485
    15     5  2017       12.867842
    16     5  2017        9.860864
    17     5  2017        8.454391
    18     5  2017       15.719070
    19     5  2017       43.655258
    20     5  2017       64.587303
    21     5  2017       52.084965
    22     5  2017       40.693745
    23     5  2017       36.712963
    24     5  2017       35.804482
    25     5  2017       33.034447
    26     5  2017       30.046001
    27     5  2017       33.927864
    28     5  2017       46.362152
    29     5  2017       48.731655
    30     5  2017       43.933563
    31     5  2017       55.550636
     1     6  2017       77.098625
     2     6  2017       71.117577
     3     6  2017       61.849449
     4     6  2017       58.983002
     5     6  2017       64.351883
     6     6  2017       75.654686
     7     6  2017       85.511589
     8     6  2017       87.749481
     9     6  2017       86.705551
    10     6  2017       78.851494
    11     6  2017       72.314423
    12     6  2017       67.289963
    13     6  2017       62.861809
    14     6  2017       58.870956
    15     6  2017       55.242851
    16     6  2017       51.925293
    17     6  2017       48.876465
    18     6  2017       46.063126
    19     6  2017       44.636818
    20     6  2017       44.176834
    21     6  2017       41.876980
    22     6  2017       39.159492
    23     6  2017       36.726509
    24     6  2017       34.699516
    25     6  2017       32.876888
    26     6  2017       31.203167
    27     6  2017       29.652107
    28     6  2017       28.207661
    29     6  2017       26.858345
    30     6  2017       25.595430
     1     7  2017       24.411963
     2     7  2017       23.300549
     3     7  2017       22.252445
     4     7  2017       21.263842
     5     7  2017       20.332336
     6     7  2017       19.455135
     7     7  2017       18.629139
     8     7  2017       17.851341
     9     7  2017       17.118849
    10     7  2017       16.428902
    11     7  2017       15.778838
    12     7  2017       15.166132
    13     7  2017       14.588457
    14     7  2017       14.043587
    15     7  2017       13.529306
    16     7  2017       13.043739
    17     7  2017       13.234045
    18     7  2017       13.700403
    19     7  2017       12.854464
    20     7  2017       12.089737
    21     7  2017       11.498848
    22     7  2017       11.029249
    23     7  2017       10.624502
    24     7  2017       10.262888
    25     7  2017        9.932839
    26     7  2017        9.627358
    27     7  2017        9.341921
    28     7  2017        9.073456
    29     7  2017        8.819789
    30     7  2017        8.579316
    31     7  2017        8.350799
     1     8  2017        8.133241
     2     8  2017       10.643412
     3     8  2017       15.975895
     4     8  2017       15.868481
     5     8  2017       12.887897
     6     8  2017       10.702904
     7     8  2017        9.573195
     8     8  2017        8.848745
     9     8  2017        8.361580
    10     8  2017        7.944745
    11     8  2017        7.606160
    12     8  2017        7.335734
    13     8  2017       11.176058
    14     8  2017       18.293793
    15     8  2017       15.767771
    16     8  2017       13.636509
    17     8  2017       11.654598
    18     8  2017       10.002401
    19     8  2017       15.429361
    20     8  2017       34.640862
    21     8  2017       48.749828
    22     8  2017       37.378040
    23     8  2017       27.175034
    24     8  2017       22.560078
    25     8  2017       19.796886
    26     8  2017       17.926626
    27     8  2017       16.560905
    28     8  2017       15.502801
    29     8  2017       14.641929
    30     8  2017       13.913162
    31     8  2017       13.276758
     1     9  2017       12.708078
     2     9  2017       12.190619
     3     9  2017       11.712225
     4     9  2017       11.266026
     5     9  2017       10.848063
     6     9  2017       10.455425
     7     9  2017       10.085867
     8     9  2017        9.737521
     9     9  2017        9.408779
    10     9  2017        9.098244
    11     9  2017        8.804665
    12     9  2017        8.526909
    13     9  2017        8.263950
    14     9  2017        8.014850
    15     9  2017        7.778729
    16     9  2017        7.554791
    17     9  2017        7.342301
    18     9  2017        7.140568
    19     9  2017        6.948944
    20     9  2017        6.766823
    21     9  2017        6.593635
    22     9  2017        6.428852
    23     9  2017        8.416772
    24     9  2017       11.196220
    25     9  2017        9.340313
    26     9  2017        7.865090
    27     9  2017        7.143211
    28     9  2017        6.792515
    29     9  2017       10.455828
    30     9  2017       17.669250
     1    10  2017       15.930117
     2    10  2017       14.254794
     3    10  2017       11.772614
     4    10  2017        9.610307
     5    10  2017        8.350905
     6    10  2017       10.661064
     7    10  2017       17.775558
     8    10  2017       20.553463
     9    10  2017       26.146366
    10    10  2017       35.267712
    11    10  2017       39.128830
    12    10  2017       30.930618
    13    10  2017       26.391569
    14    10  2017       25.891729
    15    10  2017       22.436949
    16    10  2017       19.397308
    17    10  2017       17.561848
    18    10  2017       16.164145
    19    10  2017       15.687347
    20    10  2017       15.959168
    21    10  2017       23.387539
    22    10  2017       43.702110
    23    10  2017       37.918537
    24    10  2017       28.582897
    25    10  2017       30.230282
    26    10  2017       37.794159
    27    10  2017       34.729130
    28    10  2017       32.467896
    29    10  2017       38.109325
    30    10  2017       61.509251
    31    10  2017       63.257004
     1    11  2017       52.163616
     2    11  2017       45.062355
     3    11  2017       42.878822
     4    11  2017       54.180641
     5    11  2017       68.803230
     6    11  2017       60.372536
     7    11  2017       51.007919
     8    11  2017       45.758427
     9    11  2017       41.681988
    10    11  2017       41.740585
    11    11  2017       47.586376
    12    11  2017       43.056808
    13    11  2017       37.370758
    14    11  2017       34.006760
    15    11  2017       31.330708
    16    11  2017       29.253704
    17    11  2017       28.613232
    18    11  2017       38.410355
    19    11  2017       58.080135
    20    11  2017       49.473152
    21    11  2017       45.359344
    22    11  2017       52.931328
    23    11  2017       46.336914
    24    11  2017       39.267239
    25    11  2017       38.736366
    26    11  2017       42.206070
    27    11  2017       37.842575
    28    11  2017       33.382385
    29    11  2017       30.604790
    30    11  2017       28.434319
     1    12  2017       26.804981
     2    12  2017       25.252869
     3    12  2017       23.674591
     4    12  2017       27.009155
     5    12  2017       31.160870
     6    12  2017       26.911072
     7    12  2017       28.043741
     8    12  2017       32.488342
     9    12  2017       27.751976
    10    12  2017       23.697861
    11    12  2017       21.445522
    12    12  2017       19.827015
    13    12  2017       18.553118
    14    12  2017       17.570457
    15    12  2017       17.367756
    16    12  2017       18.774950
    17    12  2017       18.002438
    18    12  2017       19.805878
    19    12  2017       19.789062
    20    12  2017       21.709126
    21    12  2017       24.181953
    22    12  2017       22.774063
    23    12  2017       22.104361
    24    12  2017       24.826593
    25    12  2017       28.521347
    26    12  2017       23.998758
    27    12  2017       21.259449
    28    12  2017       27.289677
    29    12  2017       44.046654
    30    12  2017       51.106483
    31    12  2017       43.316849
     1     1  2018       37.755009
     2     1  2018       39.774769
     3     1  2018       41.059181
     4     1  2018       36.322643
     5     1  2018       31.629772
     6     1  2018       28.858740
     7     1  2018       26.763538
     8     1  2018       25.025991
     9     1  2018       24.640800
    10     1  2018       27.248178
    11     1  2018       34.860764
    12     1  2018       44.188175
    13     1  2018       42.433380
    14     1  2018       43.382774
    15     1  2018       40.168732
    16     1  2018       34.812332
    17     1  2018       41.291260
    18     1  2018       55.559372
    19     1  2018       58.813721
    20     1  2018       71.140335
    21     1  2018       78.409714
    22     1  2018       89.222153
    23     1  2018       85.522247
    24     1  2018       86.514984
    25     1  2018       94.149841
    26     1  2018      102.850906
    27     1  2018       91.757919
    28     1  2018       86.245346
    29     1  2018       90.567268
    30     1  2018       90.297981
    31     1  2018       82.671539
     1     2  2018       75.161407
     2     2  2018       69.252197
     3     2  2018       64.303802
     4     2  2018       59.909443
     5     2  2018       55.933392
     6     2  2018       52.304581
     7     2  2018       49.279713
     8     2  2018       48.573978
     9     2  2018       47.651577
    10     2  2018       43.717304
    11     2  2018       43.252151
    12     2  2018       56.257915
    13     2  2018       68.221260
    14     2  2018       58.426300
    15     2  2018       50.250664
    16     2  2018       45.049583
    17     2  2018       41.495228
    18     2  2018       38.795609
    19     2  2018       38.567146
    20     2  2018       39.773788
    21     2  2018       37.510490
    22     2  2018       34.570873
    23     2  2018       32.109818
    24     2  2018       30.196058
    25     2  2018       28.558224
    26     2  2018       27.176815
    27     2  2018       26.546249
    28     2  2018       27.166525
     1     3  2018       26.027817
     2     3  2018       26.302799
     3     3  2018       32.468307
     4     3  2018       37.322479
     5     3  2018       35.001896
     6     3  2018       33.150234
     7     3  2018       33.260429
     8     3  2018       29.173828
     9     3  2018       25.903847
    10     3  2018       25.296396
    11     3  2018       30.637011
    12     3  2018       28.798281
    13     3  2018       25.063606
    14     3  2018       36.294777
    15     3  2018       54.228996
    16     3  2018       47.402348
    17     3  2018       39.162148
    18     3  2018       35.195011
    19     3  2018       34.141582
    20     3  2018       38.629841
    21     3  2018       46.856972
    22     3  2018       41.660812
    23     3  2018       36.575829
    24     3  2018       37.802788
    25     3  2018       46.712433
    26     3  2018       54.717476
    27     3  2018       51.449188
    28     3  2018       47.384384
    29     3  2018       49.666130
    30     3  2018       49.731323
    31     3  2018       50.451996
     1     4  2018       48.516796
     2     4  2018       46.801411
     3     4  2018       44.328457
     4     4  2018       41.350037
     5     4  2018       38.724426
     6     4  2018       36.641396
     7     4  2018       34.788395
     8     4  2018       33.087494
     9     4  2018       31.506054
    10     4  2018       30.026417
    11     4  2018       28.637270
    12     4  2018       27.330669
    13     4  2018       26.103405
    14     4  2018       24.956879
    15     4  2018       23.867052
    16     4  2018       22.841476
    17     4  2018       21.874920
    18     4  2018       20.962406
    19     4  2018       20.105862
    20     4  2018       19.299450
    21     4  2018       18.539801
    22     4  2018       17.824215
    23     4  2018       17.152592
    24     4  2018       16.516336
    25     4  2018       15.912622
    26     4  2018       15.343874
    27     4  2018       14.806449
    28     4  2018       14.298101
    29     4  2018       13.822323
    30     4  2018       13.369686
     1     5  2018       12.932158
     2     5  2018       12.521672
     3     5  2018       12.136302
     4     5  2018       11.774221
     5     5  2018       11.432247
     6     5  2018       11.110030
     7     5  2018       11.223894
     8     5  2018       11.433718
     9     5  2018       10.823508
    10     5  2018       10.341308
    11     5  2018        9.986074
    12     5  2018        9.688986
    13     5  2018        9.423671
    14     5  2018        9.181204
    15     5  2018        9.477398
    16     5  2018       10.273985
    17     5  2018       10.066925
    18     5  2018       12.471222
    19     5  2018       18.142487
    20     5  2018       17.203522
    21     5  2018       13.834532
    22     5  2018       11.694283
    23     5  2018       10.537781
    24     5  2018        9.785536
    25     5  2018        9.254807
    26     5  2018        8.859257
    27     5  2018        8.551836
    28     5  2018        8.301752
    29     5  2018        8.089313
    30     5  2018        7.905459
    31     5  2018        7.741637
     1     6  2018        7.632532
     2     6  2018        9.767521
     3     6  2018       13.418507
     4     6  2018       12.187162
     5     6  2018       11.636776
     6     6  2018       11.096395
     7     6  2018        9.967915
     8     6  2018        9.113082
     9     6  2018        8.456722
    10     6  2018        7.994587
    11     6  2018        7.686039
    12     6  2018       11.675766
    13     6  2018       22.484482
    14     6  2018       23.063591
    15     6  2018       22.600719
    16     6  2018       19.026314
    17     6  2018       17.495155
    18     6  2018       14.972639
    19     6  2018       12.948223
    20     6  2018       11.805138
    21     6  2018       11.038167
    22     6  2018       10.482433
    23     6  2018       10.056311
    24     6  2018        9.714456
    25     6  2018        9.495275
    26     6  2018       14.023634
    27     6  2018       31.014828
    28     6  2018       41.766537
    29     6  2018       32.774250
    30     6  2018       26.899879
     1     7  2018       24.107315
     2     7  2018       21.413643
     3     7  2018       20.579149
     4     7  2018       20.518314
     5     7  2018       18.879883
     6     7  2018       17.654198
     7     7  2018       16.769686
     8     7  2018       16.044371
     9     7  2018       15.508727
    10     7  2018       15.019083
    11     7  2018       14.452773
    12     7  2018       13.910740
    13     7  2018       13.417477
    14     7  2018       12.960028
    15     7  2018       12.529057
    16     7  2018       12.121058
    17     7  2018       11.734018
    18     7  2018       11.366535
    19     7  2018       11.017496
    20     7  2018       10.685993
    21     7  2018       10.371234
    22     7  2018       10.072358
    23     7  2018        9.788628
    24     7  2018        9.519225
    25     7  2018        9.263386
    26     7  2018        9.020441
    27     7  2018        8.789736
    28     7  2018        8.570469
    29     7  2018        8.586174
    30     7  2018        8.539964
    31     7  2018        8.215055
     1     8  2018        8.016887
     2     8  2018        7.811845
     3     8  2018        7.628148
     4     8  2018        7.562749
     5     8  2018        7.455287
     6     8  2018        7.250997
     7     8  2018        7.028399
     8     8  2018        7.891965
     9     8  2018        9.666630
    10     8  2018        9.032934
    11     8  2018        8.032499
    12     8  2018        7.340508
    13     8  2018        6.935414
    14     8  2018        6.646901
    15     8  2018        6.423749
    16     8  2018        6.242033
    17     8  2018        6.088343
    18     8  2018        5.954419
    19     8  2018        5.834931
    20     8  2018        5.735665
    21     8  2018        5.952261
    22     8  2018        8.695924
    23     8  2018       11.717517
    24     8  2018       15.426431
    25     8  2018       23.216774
    26     8  2018       18.867897
    27     8  2018       13.963472
    28     8  2018       11.129438
    29     8  2018        9.561234
    30     8  2018        8.549030
    31     8  2018        7.851949
     1     9  2018       11.170183
     2     9  2018       32.873360
     3     9  2018       56.232590
     4     9  2018       52.507103
     5     9  2018       39.912594
     6     9  2018       31.767620
     7     9  2018       27.372171
     8     9  2018       24.396269
     9     9  2018       22.172527
    10     9  2018       20.408813
    11     9  2018       18.949306
    12     9  2018       17.703781
    13     9  2018       16.647795
    14     9  2018       16.175690
    15     9  2018       20.360189
    16     9  2018       23.965683
    17     9  2018       20.918102
    18     9  2018       19.402319
    19     9  2018       17.264637
    20     9  2018       16.684805
    21     9  2018       18.339352
    22     9  2018       17.758490
    23     9  2018       15.848560
    24     9  2018       17.223709
    25     9  2018       21.554676
    26     9  2018       22.696289
    27     9  2018       25.513371
    28     9  2018       21.233568
    29     9  2018       17.723505
    30     9  2018       15.880037
     1    10  2018       14.662617
     2    10  2018       21.540920
     3    10  2018       38.941406
     4    10  2018       42.753357
     5    10  2018       35.043839
     6    10  2018       34.588852
     7    10  2018       44.309822
     8    10  2018       46.743774
     9    10  2018       44.414131
    10    10  2018       48.296028
    11    10  2018       48.646027
    12    10  2018       43.553223
    13    10  2018       51.218811
    14    10  2018       75.502747
    15    10  2018       79.442749
    16    10  2018       77.645172
    17    10  2018       78.677315
    18    10  2018       99.156212
    19    10  2018      117.624023
    20    10  2018      106.236618
    21    10  2018       93.091454
    22    10  2018       83.826218
    23    10  2018       78.397278
    24    10  2018       86.076607
    25    10  2018       99.798172
    26    10  2018       96.276917
    27    10  2018       96.424835
    28    10  2018       87.298141
    29    10  2018       78.629623
    30    10  2018       72.286354
    31    10  2018       72.357384
     1    11  2018       76.949493
     2    11  2018       70.438408
     3    11  2018       71.461639
     4    11  2018       79.041183
     5    11  2018       70.881897
     6    11  2018       63.010353
     7    11  2018       57.609993
     8    11  2018       53.278305
     9    11  2018       49.520020
    10    11  2018       46.162369
    11    11  2018       43.119427
    12    11  2018       40.340096
    13    11  2018       37.790390
    14    11  2018       36.182854
    15    11  2018       35.718327
    16    11  2018       33.222870
    17    11  2018       30.629864
    18    11  2018       31.803638
    19    11  2018       35.150101
    20    11  2018       31.692070
    21    11  2018       28.247320
    22    11  2018       25.771381
    23    11  2018       23.991306
    24    11  2018       22.656120
    25    11  2018       21.989880
    26    11  2018       20.772259
    27    11  2018       19.452879
    28    11  2018       18.415222
    29    11  2018       18.300488
    30    11  2018       21.464149
     1    12  2018       25.005646
     2    12  2018       21.635548
     3    12  2018       18.533796
     4    12  2018       16.797323
     5    12  2018       15.596787
     6    12  2018       14.667257
     7    12  2018       13.902866
     8    12  2018       13.246584
     9    12  2018       12.667078
    10    12  2018       12.145496
    11    12  2018       11.673374
    12    12  2018       11.243721
    13    12  2018       10.869196
    14    12  2018       10.617474
    15    12  2018       10.260969
    16    12  2018       10.274546
    17    12  2018       10.961420
    18    12  2018       12.325075
    19    12  2018       16.318455
    20    12  2018       15.175667
    21    12  2018       16.242365
    22    12  2018       18.742624
    23    12  2018       15.080355
    24    12  2018       12.883751
    25    12  2018       12.142741
    26    12  2018       12.884975
    27    12  2018       14.633959
    28    12  2018       12.755978
    29    12  2018       10.963177
    30    12  2018        9.861794
    31    12  2018        9.373429
     1     1  2019        8.979572
     2     1  2019        8.396244
     3     1  2019        9.124275
     4     1  2019       11.916487
     5     1  2019       14.493993
     6     1  2019       15.336482
     7     1  2019       15.204390
     8     1  2019       16.525917
     9     1  2019       17.391750
    10     1  2019       15.346363
    11     1  2019       20.177168
    12     1  2019       24.334038
    13     1  2019       19.635729
    14     1  2019       18.010544
    15     1  2019       22.309362
    16     1  2019       19.895832
    17     1  2019       15.744469
    18     1  2019       14.062125
    19     1  2019       16.557619
    20     1  2019       22.879120
    21     1  2019       22.427790
    22     1  2019       18.064774
    23     1  2019       15.638206
    24     1  2019       14.250806
    25     1  2019       13.843904
    26     1  2019       14.408599
    27     1  2019       13.339085
    28     1  2019       11.784328
    29     1  2019       10.913218
    30     1  2019       10.267519
    31     1  2019        9.796865
     1     2  2019        9.797072
     2     2  2019       11.672167
     3     2  2019       13.444361
     4     2  2019       11.864332
     5     2  2019       10.413742
     6     2  2019        9.902811
     7     2  2019        9.519700
     8     2  2019        8.995897
     9     2  2019        8.391019
    10     2  2019        8.068385
    11     2  2019        9.415551
    12     2  2019       11.502026
    13     2  2019       11.191137
    14     2  2019        9.928213
    15     2  2019       16.415630
    16     2  2019       31.782722
    17     2  2019       31.994823
    18     2  2019       28.364103
    19     2  2019       24.618361
    20     2  2019       22.057640
    21     2  2019       18.800480
    22     2  2019       17.409241
    23     2  2019       17.126284
    24     2  2019       18.861116
    25     2  2019       24.402304
    26     2  2019       34.165611
    27     2  2019       33.731876
    28     2  2019       28.968315
     1     3  2019       24.255600
     2     3  2019       21.284365
     3     3  2019       19.186733
     4     3  2019       17.806768
     5     3  2019       19.388401
     6     3  2019       23.107540
     7     3  2019       34.915497
     8     3  2019       48.435928
     9     3  2019       53.827835
    10     3  2019       56.058540
    11     3  2019       47.161835
    12     3  2019       41.326599
    13     3  2019       47.456062
    14     3  2019       58.193958
    15     3  2019       52.879242
    16     3  2019       48.660450
    17     3  2019       49.228725
    18     3  2019       45.857880
    19     3  2019       43.174343
    20     3  2019       39.789471
    21     3  2019       36.880039
    22     3  2019       34.532196
    23     3  2019       32.536110
    24     3  2019       30.640591
    25     3  2019       28.871582
    26     3  2019       30.118887
    27     3  2019       32.023743
    28     3  2019       28.778961
    29     3  2019       26.073488
    30     3  2019       24.249493
    31     3  2019       22.777672
     1     4  2019       21.516178
     2     4  2019       20.402981
     3     4  2019       19.411613
     4     4  2019       18.510590
     5     4  2019       20.540977
     6     4  2019       30.953392
     7     4  2019       51.410473
     8     4  2019       62.278080
     9     4  2019       51.952583
    10     4  2019       42.789276
    11     4  2019       37.060829
    12     4  2019       33.673378
    13     4  2019       31.253244
    14     4  2019       29.360813
    15     4  2019       27.780977
    16     4  2019       31.441998
    17     4  2019       37.578835
    18     4  2019       34.257198
    19     4  2019       30.480110
    20     4  2019       27.970757
    21     4  2019       31.956123
    22     4  2019       41.827393
    23     4  2019       37.497719
    24     4  2019       32.378365
    25     4  2019       29.373459
    26     4  2019       27.416151
    27     4  2019       30.016991
    28     4  2019       41.769188
    29     4  2019       48.638824
    30     4  2019       42.801781
     1     5  2019       37.943913
     2     5  2019       37.268082
     3     5  2019       34.525364
     4     5  2019       33.537704
     5     5  2019       34.318047
     6     5  2019       34.161644
     7     5  2019       34.849449
     8     5  2019       33.090649
     9     5  2019       30.919857
    10     5  2019       28.956192
    11     5  2019       30.739817
    12     5  2019       35.446266
    13     5  2019       34.118324
    14     5  2019       33.195736
    15     5  2019       30.424557
    16     5  2019       28.090530
    17     5  2019       26.569733
    18     5  2019       25.338509
    19     5  2019       24.250366
    20     5  2019       23.256372
    21     5  2019       22.334080
    22     5  2019       21.552025
    23     5  2019       32.471012
    24     5  2019       50.155247
    25     5  2019       48.552929
    26     5  2019       41.354893
    27     5  2019       35.488361
    28     5  2019       51.290199
    29     5  2019       81.903854
    30     5  2019      122.790207
    31     5  2019      232.262451
     1     6  2019      305.430023
     2     6  2019      271.011841
     3     6  2019      221.353577
     4     6  2019      189.322205
     5     6  2019      167.105438
     6     6  2019      150.085495
     7     6  2019      136.404861
     8     6  2019      125.028503
     9     6  2019      115.320045
    10     6  2019      106.867386
    11     6  2019       99.394501
    12     6  2019       92.710464
    13     6  2019       86.679184
    14     6  2019       81.200363
    15     6  2019       76.197754
    16     6  2019       71.611755
    17     6  2019       67.394302
    18     6  2019       63.505898
    19     6  2019       59.913311
    20     6  2019       56.588211
    21     6  2019       53.506016
    22     6  2019       50.645218
    23     6  2019       47.987740
    24     6  2019       45.516495
    25     6  2019       43.215622
    26     6  2019       53.891510
    27     6  2019       75.545570
    28     6  2019       71.824432
    29     6  2019       62.332890
    30     6  2019       55.265083
     1     7  2019       53.082901
     2     7  2019       54.157074
     3     7  2019       50.715546
     4     7  2019       47.242020
     5     7  2019       44.868988
     6     7  2019       42.833698
     7     7  2019       40.983681
     8     7  2019       39.256317
     9     7  2019       37.624252
    10     7  2019       36.073421
    11     7  2019       34.595879
    12     7  2019       33.186790
    13     7  2019       31.842978
    14     7  2019       30.562252
    15     7  2019       29.875610
    16     7  2019       30.056875
    17     7  2019       28.635296
    18     7  2019       27.027237
    19     7  2019       25.800808
    20     7  2019       24.731327
    21     7  2019       23.755173
    22     7  2019       22.848864
    23     7  2019       22.000072
    24     7  2019       21.201126
    25     7  2019       20.446680
    26     7  2019       19.732723
    27     7  2019       19.058899
    28     7  2019       18.417908
    29     7  2019       17.807789
    30     7  2019       17.293261
    31     7  2019       16.985384
     1     8  2019       16.410673
     2     8  2019       16.067545
     3     8  2019       15.755075
     4     8  2019       15.074671
     5     8  2019       14.511414
     6     8  2019       14.021585
     7     8  2019       13.573746
     8     8  2019       13.156635
     9     8  2019       12.764053
    10     8  2019       12.409826
    11     8  2019       12.064241
    12     8  2019       11.718081
    13     8  2019       11.538418
    14     8  2019       11.308535
    15     8  2019       10.922630
    16     8  2019       10.590178
    17     8  2019       10.293108
    18     8  2019       10.428907
    19     8  2019       12.794710
    20     8  2019       16.397894
    21     8  2019       14.095179
    22     8  2019       11.983532
    23     8  2019       11.081214
    24     8  2019       10.623964
    25     8  2019       10.026304
    26     8  2019        9.497783
    27     8  2019        9.125257
    28     8  2019        8.826810
    29     8  2019        8.574324
    30     8  2019        8.353308
    31     8  2019        8.890005
     1     9  2019       15.815217
     2     9  2019       23.826454
     3     9  2019       19.717072
     4     9  2019       15.317450
     5     9  2019       12.720247
     6     9  2019       12.000158
     7     9  2019       12.017782
     8     9  2019       10.741720
     9     9  2019        9.782211
    10     9  2019        9.195251
    11     9  2019        8.774058
    12     9  2019        8.451016
    13     9  2019        8.191174
    14     9  2019        7.970901
    15     9  2019        7.778862
    16     9  2019        7.607112
    17     9  2019        7.449953
    18     9  2019       11.737705
    19     9  2019       24.443104
    20     9  2019       37.015495
    21     9  2019       40.266499
    22     9  2019       30.108553
    23     9  2019       22.575874
    24     9  2019       18.657394
    25     9  2019       16.288372
    26     9  2019       14.709879
    27     9  2019       13.591379
    28     9  2019       12.756184
    29     9  2019       12.101913
    30     9  2019       11.566839
     1    10  2019       11.112885
     2    10  2019       10.736264
     3    10  2019       10.438322
     4    10  2019       10.085536
     5    10  2019       10.490212
     6    10  2019       14.205793
     7    10  2019       18.277086
     8    10  2019       15.391544
     9    10  2019       12.736087
    10    10  2019       11.328712
    11    10  2019       10.438745
    12    10  2019        9.806692
    13    10  2019        9.383719
    14    10  2019       14.261028
    15    10  2019       20.417625
    16    10  2019       17.648748
    17    10  2019       14.620599
    18    10  2019       13.025959
    19    10  2019       12.840708
    20    10  2019       11.738752
    21    10  2019       12.307899
    22    10  2019       14.220314
    23    10  2019       12.753935
    24    10  2019       11.162235
    25    10  2019       10.050322
    26    10  2019        9.399023
    27    10  2019       12.337543
    28    10  2019       18.798834
    29    10  2019       17.219007
    30    10  2019       14.059244
    31    10  2019       11.762117
     1    11  2019       10.461535
     2    11  2019        9.656997
     3    11  2019        9.506716
     4    11  2019       10.090432
     5    11  2019       11.279531
     6    11  2019       11.783865
     7    11  2019       10.355941
     8    11  2019        9.061815
     9    11  2019        8.528259
    10    11  2019       14.589912
    11    11  2019       25.179123
    12    11  2019       20.348314
    13    11  2019       15.676715
    14    11  2019       16.321615
    15    11  2019       16.934090
    16    11  2019       13.819649
    17    11  2019       11.471354
    18    11  2019       10.202671
    19    11  2019        9.347773
    20    11  2019        8.721693
    21    11  2019        8.238197
    22    11  2019        7.872786
    23    11  2019        7.562360
    24    11  2019        7.308042
    25    11  2019        7.051687
    26    11  2019        9.307564
    27    11  2019       18.597969
    28    11  2019       26.143387
    29    11  2019       20.625084
    30    11  2019       15.315869
     1    12  2019       12.342695
     2    12  2019       10.713242
     3    12  2019        9.551471
     4    12  2019        8.972502
     5    12  2019       10.927575
     6    12  2019       13.084065
     7    12  2019       10.878644
     8    12  2019        9.169307
     9    12  2019       11.017828
    10    12  2019       15.195501
    11    12  2019       15.068399
    12    12  2019       13.796732
    13    12  2019       11.169081
    14    12  2019        9.453268
    15    12  2019        8.635142
    16    12  2019       12.742571
    17    12  2019       23.855049
    18    12  2019       28.111603
    19    12  2019       21.479799
    20    12  2019       16.580492
    21    12  2019       16.750137
    22    12  2019       16.806393
    23    12  2019       14.074532
    24    12  2019       11.873260
    25    12  2019       10.606257
    26    12  2019        9.718607
    27    12  2019        9.049672
    28    12  2019        8.522649
    29    12  2019        8.093348
    30    12  2019        7.734044
    31    12  2019        7.563073
     1     1  2020       10.926083
     2     1  2020       21.376282
     3     1  2020       27.583893
     4     1  2020       22.049587
     5     1  2020       20.045147
     6     1  2020       16.065641
     7     1  2020       13.165196
     8     1  2020       13.863404
     9     1  2020       20.324253
    10     1  2020       23.723755
    11     1  2020       21.469631
    12     1  2020       23.495274
    13     1  2020       20.270777
    14     1  2020       16.462221
    15     1  2020       14.166052
    16     1  2020       15.630463
    17     1  2020       19.598442
    18     1  2020       16.642422
    19     1  2020       13.795835
    20     1  2020       12.307142
    21     1  2020       11.294403
    22     1  2020       10.539125
    23     1  2020        9.948984
    24     1  2020        9.463118
    25     1  2020        9.038963
    26     1  2020        8.662472
    27     1  2020        8.331024
    28     1  2020        8.233850
    29     1  2020        9.361463
    30     1  2020       10.857821
    31     1  2020       13.528791
     1     2  2020       11.694999
     2     2  2020        9.991564
     3     2  2020       10.178833
     4     2  2020        9.510944
     5     2  2020        8.834555
     6     2  2020        8.468369
     7     2  2020        8.510582
     8     2  2020        7.861740
     9     2  2020        9.687056
    10     2  2020       12.777877
    11     2  2020       10.478800
    12     2  2020        8.613390
    13     2  2020        7.664688
    14     2  2020        7.059596
    15     2  2020        6.637968
    16     2  2020        6.326232
    17     2  2020        6.084200
    18     2  2020        7.301942
    19     2  2020        9.973516
    20     2  2020        9.028022
    21     2  2020        7.578114
    22     2  2020        6.717242
    23     2  2020        6.213727
    24     2  2020        5.968299
    25     2  2020       15.181210
    26     2  2020       51.133537
    27     2  2020       75.047829
    28     2  2020       54.894608
    29     2  2020       39.331627
     1     3  2020       32.060574
     2     3  2020       28.386658
     3     3  2020       26.290997
     4     3  2020       23.421261
     5     3  2020       21.234795
     6     3  2020       19.572916
     7     3  2020       18.270775
     8     3  2020       17.372726
     9     3  2020       16.370220
    10     3  2020       15.349983
    11     3  2020       14.500387
    12     3  2020       13.745050
    13     3  2020       13.061888
    14     3  2020       12.439245
    15     3  2020       11.935902
    16     3  2020       11.583700
    17     3  2020       11.105579
    18     3  2020       15.070544
    19     3  2020       23.056101
    20     3  2020       19.187935
    21     3  2020       15.041509
    22     3  2020       13.094872
    23     3  2020       11.857016
    24     3  2020       10.978616
    25     3  2020       10.312412
    26     3  2020        9.781584
    27     3  2020        9.341668
    28     3  2020        8.965379
    29     3  2020       10.428584
    30     3  2020       12.853231
    31     3  2020       11.331808
     1     4  2020       10.267410
     2     4  2020        9.825334
     3     4  2020        9.332542
     4     4  2020        8.560508
     5     4  2020        8.047986
     6     4  2020       10.049096
     7     4  2020       14.385966
     8     4  2020       12.142479
     9     4  2020        9.861710
    10     4  2020        8.793325
    11     4  2020        8.120380
    12     4  2020        7.649899
    13     4  2020        7.368546
    14     4  2020        9.868081
    15     4  2020       13.669775
    16     4  2020       11.384958
    17     4  2020        9.263454
    18     4  2020        8.257805
    19     4  2020        7.625322
    20     4  2020        7.185733
    21     4  2020        6.860382
    22     4  2020        6.607335
    23     4  2020        6.402019
    24     4  2020        6.229259
    25     4  2020        6.079392
    26     4  2020        5.946100
    27     4  2020        5.825185
    28     4  2020        5.713796
    29     4  2020        5.648185
    30     4  2020        5.552552
     1     5  2020        5.455964
     2     5  2020        5.407156
     3     5  2020        5.306663
     4     5  2020        5.201942
     5     5  2020        5.185781
     6     5  2020        5.672865
     7     5  2020        6.234655
     8     5  2020        5.769976
     9     5  2020        5.351038
    10     5  2020        5.126992
    11     5  2020        4.972683
    12     5  2020        4.856214
    13     5  2020        7.208317
    14     5  2020       11.476898
    15     5  2020        9.425097
    16     5  2020        7.331617
    17     5  2020        6.372379
    18     5  2020        5.795794
    19     5  2020        5.416819
    20     5  2020        5.154128
    21     5  2020        4.964135
    22     5  2020       13.129173
    23     5  2020       30.552921
    24     5  2020       23.990429
    25     5  2020       15.765553
    26     5  2020       12.324253
    27     5  2020       10.341817
    28     5  2020        9.072907
    29     5  2020        8.212463
    30     5  2020        7.604156
    31     5  2020        7.158288
     1     6  2020        7.427849
     2     6  2020        9.007194
     3     6  2020        9.288961
     4     6  2020       10.493479
     5     6  2020       20.380535
     6     6  2020       30.809067
     7     6  2020       23.944691
     8     6  2020       17.973663
     9     6  2020       23.736034
    10     6  2020       65.185783
    11     6  2020      111.016708
    12     6  2020      112.791489
    13     6  2020       95.676018
    14     6  2020       83.137329
    15     6  2020       74.241287
    16     6  2020       66.933052
    17     6  2020       61.108624
    18     6  2020       56.211777
    19     6  2020       51.993382
    20     6  2020       48.297863
    21     6  2020       45.018761
    22     6  2020       42.080391
    23     6  2020       39.427269
    24     6  2020       37.017487
    25     6  2020       38.362350
    26     6  2020       45.355286
    27     6  2020       46.884491
    28     6  2020       45.445694
    29     6  2020       40.613983
    30     6  2020       42.358692
     1     7  2020       50.780914
     2     7  2020       45.912849
     3     7  2020       40.521832
     4     7  2020       37.626446
     5     7  2020       35.410946
     6     7  2020       35.128830
     7     7  2020       37.794762
     8     7  2020       38.904186
     9     7  2020       41.601395
    10     7  2020       37.824203
    11     7  2020       34.190987
    12     7  2020       32.168186
    13     7  2020       32.610306
    14     7  2020       35.313766
    15     7  2020       32.362240
    16     7  2020       29.589689
    17     7  2020       27.863350
    18     7  2020       26.614632
    19     7  2020       25.315842
    20     7  2020       24.094887
    21     7  2020       23.014261
    22     7  2020       22.012653
    23     7  2020       21.073570
    24     7  2020       20.189007
    25     7  2020       19.354115
    26     7  2020       18.565466
    27     7  2020       17.820337
    28     7  2020       20.876682
    29     7  2020       26.879498
    30     7  2020       23.612175
    31     7  2020       20.169863
     1     8  2020       18.413157
     2     8  2020       17.215370
     3     8  2020       16.288424
     4     8  2020       15.519333
     5     8  2020       14.852531
     6     8  2020       14.256846
     7     8  2020       13.713699
     8     8  2020       13.211564
     9     8  2020       12.743042
    10     8  2020       12.303211
    11     8  2020       11.888626
    12     8  2020       15.913530
    13     8  2020       27.262154
    14     8  2020       30.099804
    15     8  2020       43.234390
    16     8  2020       70.293610
    17     8  2020       60.969986
    18     8  2020       66.055428
    19     8  2020       87.647118
    20     8  2020       91.784889
    21     8  2020       81.255157
    22     8  2020       72.048538
    23     8  2020       65.873779
    24     8  2020       60.931606
    25     8  2020       56.682915
    26     8  2020       52.921757
    27     8  2020       49.533989
    28     8  2020       46.448059
    29     8  2020       43.616302
    30     8  2020       41.005402
    31     8  2020       38.590858
     1     9  2020       36.353664
     2     9  2020       34.277206
     3     9  2020       32.348747
     4     9  2020       30.571295
     5     9  2020       28.896366
     6     9  2020       27.326427
     7     9  2020       25.873959
     8     9  2020       24.524822
     9     9  2020       23.270985
    10     9  2020       22.105438
    11     9  2020       21.021503
    12     9  2020       20.012915
    13     9  2020       19.073864
    14     9  2020       18.198948
    15     9  2020       17.383144
    16     9  2020       16.660484
    17     9  2020       17.613289
    18     9  2020       20.405197
    19     9  2020       18.423082
    20     9  2020       16.295227
    21     9  2020       15.122994
    22     9  2020       14.256811
    23     9  2020       13.552905
    24     9  2020       12.951821
    25     9  2020       12.422415
    26     9  2020       11.946232
    27     9  2020       12.836214
    28     9  2020       21.310204
    29     9  2020       30.083992
    30     9  2020       23.690575
     1    10  2020       18.359640
     2    10  2020       15.802485
     3    10  2020       15.786574
     4    10  2020       17.697075
     5    10  2020       15.724484
     6    10  2020       13.699295
     7    10  2020       12.768805
     8    10  2020       17.522369
     9    10  2020       28.948059
    10    10  2020       29.260454
    11    10  2020       22.650942
    12    10  2020       18.335192
    13    10  2020       16.095547
    14    10  2020       17.631119
    15    10  2020       19.614571
    16    10  2020       16.851965
    17    10  2020       14.791603
    18    10  2020       13.589440
    19    10  2020       12.742737
    20    10  2020       12.093788
    21    10  2020       11.566896
    22    10  2020       11.119497
    23    10  2020       10.726216
    24    10  2020       10.580042
    25    10  2020       10.964091
    26    10  2020       10.470280
    27    10  2020        9.884383
    28    10  2020        9.488346
    29    10  2020       11.450809
    30    10  2020       17.015476
    31    10  2020       17.859497
     1    11  2020       14.262747
     2    11  2020       11.965214
     3    11  2020       11.136820
     4    11  2020       10.820967
     5    11  2020        9.875328
     6    11  2020        9.167679
     7    11  2020        8.683033
     8    11  2020        8.305281
     9    11  2020        9.549173
    10    11  2020       11.515966
    11    11  2020       15.450334
    12    11  2020       23.073215
    13    11  2020       18.913464
    14    11  2020       14.508260
    15    11  2020       12.615662
    16    11  2020       14.395122
    17    11  2020       12.881367
    18    11  2020       14.255856
    19    11  2020       20.075674
    20    11  2020       18.826271
    21    11  2020       14.801199
    22    11  2020       12.475568
    23    11  2020       10.946503
    24    11  2020        9.878817
    25    11  2020        9.146285
    26    11  2020        8.599419
    27    11  2020       13.403796
    28    11  2020       22.368767
    29    11  2020       22.615479
    30    11  2020       21.882906
     1    12  2020       18.124071
     2    12  2020       14.817520
     3    12  2020       19.578749
     4    12  2020       32.789543
     5    12  2020       43.393959
     6    12  2020       66.017273
     7    12  2020       56.525543
     8    12  2020       43.488289
     9    12  2020       36.970036
    10    12  2020       32.708096
    11    12  2020       29.640541
    12    12  2020       28.521618
    13    12  2020       27.749413
    14    12  2020       27.991936
    15    12  2020       29.018425
    16    12  2020       26.955341
    17    12  2020       24.684528
    18    12  2020       22.662422
    19    12  2020       30.334545
    20    12  2020       51.074543
    21    12  2020       54.860855
    22    12  2020       43.957527
    23    12  2020       36.022911
    24    12  2020       31.800892
    25    12  2020       28.828318
    26    12  2020       26.505474
    27    12  2020       24.601707
    28    12  2020       24.825001
    29    12  2020       27.290550
    30    12  2020       27.446548
    31    12  2020       26.644411
