     1     1  2017       37.399414
     2     1  2017       39.950001
     3     1  2017       41.009674
     4     1  2017       42.537304
     5     1  2017       48.858772
     6     1  2017       96.448578
     7     1  2017      102.773384
     8     1  2017       97.993301
     9     1  2017       87.191841
    10     1  2017       76.459343
    11     1  2017       71.915092
    12     1  2017       66.280907
    13     1  2017       62.253181
    14     1  2017       57.100464
    15     1  2017       52.322151
    16     1  2017       51.000137
    17     1  2017       53.963058
    18     1  2017       63.532757
    19     1  2017       62.285252
    20     1  2017       57.105965
    21     1  2017       52.921371
    22     1  2017       54.259628
    23     1  2017       54.289719
    24     1  2017       52.119331
    25     1  2017       49.593822
    26     1  2017       50.185352
    27     1  2017       60.149704
    28     1  2017       68.608078
    29     1  2017       76.618698
    30     1  2017       86.256622
    31     1  2017       85.726219
     1     2  2017       82.982834
     2     2  2017       89.756630
     3     2  2017       84.540649
     4     2  2017       81.099686
     5     2  2017       91.801079
     6     2  2017       87.179245
     7     2  2017       78.432312
     8     2  2017       87.856499
     9     2  2017       87.832588
    10     2  2017       88.402397
    11     2  2017       97.596893
    12     2  2017      122.806976
    13     2  2017      140.831375
    14     2  2017      144.058014
    15     2  2017      140.207626
    16     2  2017      123.857033
    17     2  2017      107.910248
    18     2  2017       97.524605
    19     2  2017       90.708359
    20     2  2017       82.569313
    21     2  2017       74.224823
    22     2  2017       67.468628
    23     2  2017       62.424721
    24     2  2017       58.347900
    25     2  2017       60.475796
    26     2  2017       60.820545
    27     2  2017       55.679558
    28     2  2017       51.498535
     1     3  2017       53.840816
     2     3  2017       62.871052
     3     3  2017       68.325142
     4     3  2017       74.739304
     5     3  2017       89.302689
     6     3  2017       81.077065
     7     3  2017       73.933510
     8     3  2017       68.210342
     9     3  2017       61.309574
    10     3  2017       55.622482
    11     3  2017       51.332123
    12     3  2017       49.271095
    13     3  2017       49.534786
    14     3  2017       52.143192
    15     3  2017       51.435429
    16     3  2017       47.990410
    17     3  2017       45.505310
    18     3  2017       45.949348
    19     3  2017       49.262962
    20     3  2017       48.556778
    21     3  2017       49.360390
    22     3  2017       46.436462
    23     3  2017       43.166138
    24     3  2017       40.729733
    25     3  2017       38.753166
    26     3  2017       37.112682
    27     3  2017       35.901512
    28     3  2017       34.745914
    29     3  2017       33.714928
    30     3  2017       32.905628
    31     3  2017       32.598068
     1     4  2017       32.450279
     2     4  2017       31.901270
     3     4  2017       31.576687
     4     4  2017       31.116714
     5     4  2017       31.395866
     6     4  2017       34.372547
     7     4  2017       37.630093
     8     4  2017       44.621971
     9     4  2017       45.096401
    10     4  2017       41.337467
    11     4  2017       38.390694
    12     4  2017       36.257168
    13     4  2017       34.793903
    14     4  2017       35.186565
    15     4  2017       33.762032
    16     4  2017       31.999788
    17     4  2017       30.683651
    18     4  2017       29.638597
    19     4  2017       28.782963
    20     4  2017       28.389864
    21     4  2017       28.987938
    22     4  2017       29.544273
    23     4  2017       33.161880
    24     4  2017       32.277302
    25     4  2017       30.411692
    26     4  2017       34.001663
    27     4  2017       37.144489
    28     4  2017       36.613342
    29     4  2017       34.189777
    30     4  2017       31.693134
     1     5  2017       29.880714
     2     5  2017       28.531559
     3     5  2017       27.486990
     4     5  2017       27.061386
     5     5  2017       27.288792
     6     5  2017       29.339920
     7     5  2017       30.071142
     8     5  2017       28.791542
     9     5  2017       27.305225
    10     5  2017       26.254208
    11     5  2017       25.448141
    12     5  2017       24.803339
    13     5  2017       25.585005
    14     5  2017       26.835833
    15     5  2017       30.957766
    16     5  2017       31.041491
    17     5  2017       29.122648
    18     5  2017       29.171843
    19     5  2017       41.291405
    20     5  2017       57.664776
    21     5  2017       63.924404
    22     5  2017       65.979027
    23     5  2017       60.451138
    24     5  2017       55.421391
    25     5  2017       49.951279
    26     5  2017       44.766762
    27     5  2017       41.553589
    28     5  2017       39.645435
    29     5  2017       39.720894
    30     5  2017       37.799110
    31     5  2017       40.385086
     1     6  2017       52.606709
     2     6  2017       62.547554
     3     6  2017       59.257477
     4     6  2017       52.607304
     5     6  2017       72.547829
     6     6  2017      151.500427
     7     6  2017      163.418320
     8     6  2017      172.596222
     9     6  2017      176.924667
    10     6  2017      167.471680
    11     6  2017      144.998520
    12     6  2017      124.423370
    13     6  2017      107.849136
    14     6  2017       94.570717
    15     6  2017       83.971481
    16     6  2017       75.443275
    17     6  2017       68.503975
    18     6  2017       62.792454
    19     6  2017       60.596611
    20     6  2017       61.973820
    21     6  2017       68.767189
    22     6  2017       69.726128
    23     6  2017       64.706543
    24     6  2017       59.244469
    25     6  2017       54.957428
    26     6  2017       51.405533
    27     6  2017       48.399014
    28     6  2017       45.819313
    29     6  2017       43.581577
    30     6  2017       41.621868
     1     7  2017       39.890865
     2     7  2017       38.345394
     3     7  2017       36.955029
     4     7  2017       35.752754
     5     7  2017       34.846153
     6     7  2017       34.396320
     7     7  2017       33.429111
     8     7  2017       32.368809
     9     7  2017       31.450169
    10     7  2017       30.614262
    11     7  2017       29.847006
    12     7  2017       29.141346
    13     7  2017       28.486858
    14     7  2017       27.877468
    15     7  2017       27.306667
    16     7  2017       26.770529
    17     7  2017       26.411747
    18     7  2017       26.412497
    19     7  2017       27.614328
    20     7  2017       28.536201
    21     7  2017       27.599085
    22     7  2017       26.454065
    23     7  2017       25.604071
    24     7  2017       24.913965
    25     7  2017       24.328827
    26     7  2017       23.818727
    27     7  2017       23.363880
    28     7  2017       22.951454
    29     7  2017       22.572596
    30     7  2017       22.220938
    31     7  2017       21.891945
     1     8  2017       21.582365
     2     8  2017       21.897848
     3     8  2017       25.382599
     4     8  2017       29.537062
     5     8  2017       29.382599
     6     8  2017       27.170252
     7     8  2017       25.240730
     8     8  2017       23.901993
     9     8  2017       22.894480
    10     8  2017       22.101513
    11     8  2017       21.456053
    12     8  2017       20.915672
    13     8  2017       23.081850
    14     8  2017       24.541706
    15     8  2017       30.866358
    16     8  2017       32.062401
    17     8  2017       29.985132
    18     8  2017       27.184828
    19     8  2017       27.359556
    20     8  2017       44.010639
    21     8  2017       61.932758
    22     8  2017       80.466934
    23     8  2017       95.534973
    24     8  2017       85.631561
    25     8  2017       71.210838
    26     8  2017       60.501759
    27     8  2017       52.306599
    28     8  2017       46.019157
    29     8  2017       41.132805
    30     8  2017       37.283165
    31     8  2017       34.209896
     1     9  2017       31.724369
     2     9  2017       29.692625
     3     9  2017       28.011549
     4     9  2017       26.605667
     5     9  2017       25.416294
     6     9  2017       24.398529
     7     9  2017       23.518469
     8     9  2017       22.750055
     9     9  2017       22.073017
    10     9  2017       21.471411
    11     9  2017       20.932604
    12     9  2017       20.446472
    13     9  2017       20.004818
    14     9  2017       19.601015
    15     9  2017       19.231518
    16     9  2017       18.887794
    17     9  2017       18.567850
    18     9  2017       20.480021
    19     9  2017       24.630234
    20     9  2017       22.532185
    21     9  2017       20.946739
    22     9  2017       19.941360
    23     9  2017       19.514992
    24     9  2017       18.809456
    25     9  2017       18.253283
    26     9  2017       17.808285
    27     9  2017       17.431210
    28     9  2017       17.101915
    29     9  2017       18.539288
    30     9  2017       21.632959
     1    10  2017       34.370136
     2    10  2017       45.928570
     3    10  2017       46.913239
     4    10  2017       41.189140
     5    10  2017       35.672443
     6    10  2017       36.483959
     7    10  2017       43.408600
     8    10  2017       52.595737
     9    10  2017       65.599068
    10    10  2017       72.527222
    11    10  2017       75.675056
    12    10  2017       72.784279
    13    10  2017       66.915810
    14    10  2017       63.183418
    15    10  2017       60.652447
    16    10  2017       56.683708
    17    10  2017       51.741760
    18    10  2017       47.188850
    19    10  2017       44.399960
    20    10  2017       41.865025
    21    10  2017       46.419884
    22    10  2017       50.304070
    23    10  2017       48.434689
    24    10  2017       44.964012
    25    10  2017       49.717392
    26    10  2017       55.183216
    27    10  2017       55.605297
    28    10  2017       53.884430
    29    10  2017       57.737083
    30    10  2017       68.918861
    31    10  2017       68.244171
     1    11  2017       61.035679
     2    11  2017       52.341324
     3    11  2017       49.304951
     4    11  2017       56.144981
     5    11  2017       62.757427
     6    11  2017       60.711281
     7    11  2017       55.326263
     8    11  2017       48.622074
     9    11  2017       43.051220
    10    11  2017       43.679085
    11    11  2017       44.684311
    12    11  2017       44.955330
    13    11  2017       44.186287
    14    11  2017       39.926113
    15    11  2017       35.962250
    16    11  2017       36.857338
    17    11  2017       38.551498
    18    11  2017       75.436699
    19    11  2017       95.120583
    20    11  2017       95.303062
    21    11  2017       95.930832
    22    11  2017       98.054825
    23    11  2017       90.714333
    24    11  2017       79.942978
    25    11  2017       74.138435
    26    11  2017       71.174141
    27    11  2017       65.611336
    28    11  2017       59.254299
    29    11  2017       52.821205
    30    11  2017       48.328384
     1    12  2017       43.996693
     2    12  2017       40.385216
     3    12  2017       37.593803
     4    12  2017       35.122295
     5    12  2017       33.083164
     6    12  2017       31.747669
     7    12  2017       32.890945
     8    12  2017       32.598782
     9    12  2017       31.324457
    10    12  2017       29.878695
    11    12  2017       28.154522
    12    12  2017       26.539497
    13    12  2017       25.240856
    14    12  2017       24.157057
    15    12  2017       39.269154
    16    12  2017       45.930279
    17    12  2017       41.889729
    18    12  2017       36.361050
    19    12  2017       33.689781
    20    12  2017       35.688152
    21    12  2017       37.571606
    22    12  2017       37.770031
    23    12  2017       37.310219
    24    12  2017       43.568363
    25    12  2017       84.257172
    26    12  2017      100.484917
    27    12  2017      104.529579
    28    12  2017      101.751297
    29    12  2017      138.898849
    30    12  2017      147.704483
    31    12  2017      139.642975
     1     1  2018      125.680946
     2     1  2018      118.807732
     3     1  2018      123.618988
     4     1  2018      110.220184
     5     1  2018       94.745247
     6     1  2018       82.038902
     7     1  2018       72.819183
     8     1  2018       66.699890
     9     1  2018       59.574528
    10     1  2018       57.223560
    11     1  2018       58.046532
    12     1  2018       64.888947
    13     1  2018       62.065823
    14     1  2018       65.500099
    15     1  2018       63.369713
    16     1  2018       64.012199
    17     1  2018       72.415192
    18     1  2018       89.417053
    19     1  2018      106.913376
    20     1  2018      155.721069
    21     1  2018      180.252518
    22     1  2018      159.903503
    23     1  2018      146.115372
    24     1  2018      174.053436
    25     1  2018      185.908356
    26     1  2018      173.495575
    27     1  2018      153.570587
    28     1  2018      138.390488
    29     1  2018      144.302155
    30     1  2018      165.711960
    31     1  2018      165.291992
     1     2  2018      147.795242
     2     2  2018      144.892044
     3     2  2018      133.068741
     4     2  2018      118.577950
     5     2  2018      106.321831
     6     2  2018       96.134674
     7     2  2018       88.274574
     8     2  2018       82.162231
     9     2  2018       77.894714
    10     2  2018       71.593613
    11     2  2018       71.940094
    12     2  2018       74.205383
    13     2  2018       85.083786
    14     2  2018      103.522522
    15     2  2018      132.586578
    16     2  2018      128.106262
    17     2  2018      113.755951
    18     2  2018      101.601326
    19     2  2018       91.386955
    20     2  2018       83.121162
    21     2  2018       77.698181
    22     2  2018       74.711945
    23     2  2018       69.393486
    24     2  2018       64.199005
    25     2  2018       59.686092
    26     2  2018       55.746483
    27     2  2018       53.533722
    28     2  2018       50.281036
     1     3  2018       50.973064
     2     3  2018       66.696198
     3     3  2018      126.325348
     4     3  2018      127.543907
     5     3  2018      136.155731
     6     3  2018      130.190735
     7     3  2018      122.451538
     8     3  2018      125.446732
     9     3  2018      116.656418
    10     3  2018      116.579338
    11     3  2018      109.783661
    12     3  2018      103.245567
    13     3  2018       96.718849
    14     3  2018       93.828712
    15     3  2018       93.416878
    16     3  2018       99.193466
    17     3  2018      108.537178
    18     3  2018      101.856468
    19     3  2018       95.114861
    20     3  2018      106.685844
    21     3  2018      106.391190
    22     3  2018      104.947479
    23     3  2018       94.615585
    24     3  2018       93.253731
    25     3  2018       86.353157
    26     3  2018       83.708092
    27     3  2018       91.285347
    28     3  2018      103.505814
    29     3  2018      125.942604
    30     3  2018      163.469482
    31     3  2018      190.019745
     1     4  2018      185.003784
     2     4  2018      168.331543
     3     4  2018      149.166595
     4     4  2018      133.078461
     5     4  2018      120.040543
     6     4  2018      109.593224
     7     4  2018      102.745819
     8     4  2018       95.330879
     9     4  2018       88.148193
    10     4  2018       81.955391
    11     4  2018       76.584663
    12     4  2018       71.885612
    13     4  2018       67.745743
    14     4  2018       64.075150
    15     4  2018       60.809170
    16     4  2018       58.924694
    17     4  2018       60.471645
    18     4  2018       58.031357
    19     4  2018       54.719337
    20     4  2018       52.025703
    21     4  2018       49.692844
    22     4  2018       47.625500
    23     4  2018       45.769287
    24     4  2018       44.086510
    25     4  2018       42.549461
    26     4  2018       41.136951
    27     4  2018       39.832329
    28     4  2018       38.622124
    29     4  2018       38.101860
    30     4  2018       38.384136
     1     5  2018       36.862610
     2     5  2018       35.605396
     3     5  2018       34.555069
     4     5  2018       33.626167
     5     5  2018       32.786549
     6     5  2018       32.015930
     7     5  2018       31.301027
     8     5  2018       30.634525
     9     5  2018       30.082127
    10     5  2018       29.843725
    11     5  2018       29.317343
    12     5  2018       28.684738
    13     5  2018       28.134493
    14     5  2018       27.821230
    15     5  2018       28.668243
    16     5  2018       28.068130
    17     5  2018       27.296614
    18     5  2018       27.568045
    19     5  2018       30.411716
    20     5  2018       33.155685
    21     5  2018       32.782379
    22     5  2018       35.461735
    23     5  2018       33.790329
    24     5  2018       31.175316
    25     5  2018       29.375717
    26     5  2018       28.017099
    27     5  2018       26.942751
    28     5  2018       26.064650
    29     5  2018       25.326960
    30     5  2018       24.692432
    31     5  2018       24.135469
     1     6  2018       23.638075
     2     6  2018       24.906868
     3     6  2018       25.724676
     4     6  2018       28.541964
     5     6  2018       34.410049
     6     6  2018       35.800922
     7     6  2018       37.779778
     8     6  2018       38.346447
     9     6  2018       39.473312
    10     6  2018       38.925613
    11     6  2018       35.972630
    12     6  2018       33.917221
    13     6  2018       35.958012
    14     6  2018       44.577061
    15     6  2018       42.395523
    16     6  2018       41.603840
    17     6  2018       41.173264
    18     6  2018       38.372917
    19     6  2018       35.391479
    20     6  2018       32.809902
    21     6  2018       30.744560
    22     6  2018       29.101376
    23     6  2018       27.760551
    24     6  2018       26.646488
    25     6  2018       25.705706
    26     6  2018       25.081514
    27     6  2018       34.930710
    28     6  2018       47.091228
    29     6  2018       45.806965
    30     6  2018       46.014164
     1     7  2018       41.896137
     2     7  2018       37.292370
     3     7  2018       35.367771
     4     7  2018       33.902710
     5     7  2018       34.286839
     6     7  2018       31.650909
     7     7  2018       29.520641
     8     7  2018       27.928911
     9     7  2018       26.703531
    10     7  2018       25.667648
    11     7  2018       24.816982
    12     7  2018       24.144266
    13     7  2018       23.897217
    14     7  2018       23.303562
    15     7  2018       22.649891
    16     7  2018       22.098858
    17     7  2018       21.612576
    18     7  2018       21.174181
    19     7  2018       20.773270
    20     7  2018       20.402588
    21     7  2018       20.056789
    22     7  2018       19.731874
    23     7  2018       19.424747
    24     7  2018       19.132967
    25     7  2018       18.854599
    26     7  2018       18.588074
    27     7  2018       18.332092
    28     7  2018       18.085608
    29     7  2018       17.856781
    30     7  2018       17.857218
    31     7  2018       17.687262
     1     8  2018       17.816307
     2     8  2018       17.569492
     3     8  2018       17.234785
     4     8  2018       16.916943
     5     8  2018       16.640999
     6     8  2018       16.388943
     7     8  2018       16.153427
     8     8  2018       16.061924
     9     8  2018       16.009716
    10     8  2018       16.417957
    11     8  2018       16.443102
    12     8  2018       16.072199
    13     8  2018       15.647975
    14     8  2018       15.315112
    15     8  2018       15.032983
    16     8  2018       14.784114
    17     8  2018       14.558871
    18     8  2018       14.362488
    19     8  2018       14.230372
    20     8  2018       14.044638
    21     8  2018       13.847040
    22     8  2018       14.385185
    23     8  2018       15.357630
    24     8  2018       20.520561
    25     8  2018       25.663595
    26     8  2018       41.133320
    27     8  2018       49.600311
    28     8  2018       45.202835
    29     8  2018       38.888939
    30     8  2018       33.835091
    31     8  2018       29.661358
     1     9  2018       26.430437
     2     9  2018       26.361458
     3     9  2018       30.198605
     4     9  2018       37.833061
     5     9  2018       39.222618
     6     9  2018       33.760468
     7     9  2018       29.156759
     8     9  2018       25.918550
     9     9  2018       23.483637
    10     9  2018       21.609367
    11     9  2018       20.141026
    12     9  2018       18.971302
    13     9  2018       18.034496
    14     9  2018       17.310658
    15     9  2018       16.674492
    16     9  2018       16.138691
    17     9  2018       17.520910
    18     9  2018       23.650995
    19     9  2018       23.131592
    20     9  2018       21.129780
    21     9  2018       20.362278
    22     9  2018       20.292788
    23     9  2018       18.610703
    24     9  2018       18.301601
    25     9  2018       18.425232
    26     9  2018       24.202478
    27     9  2018       23.832869
    28     9  2018       23.894146
    29     9  2018       25.703989
    30     9  2018       23.504465
     1    10  2018       20.983908
     2    10  2018       22.113655
     3    10  2018       28.587858
     4    10  2018       38.471252
     5    10  2018       51.718853
     6    10  2018       55.125359
     7    10  2018       57.657490
     8    10  2018       61.252113
     9    10  2018       68.179527
    10    10  2018       69.126236
    11    10  2018       77.718544
    12    10  2018       96.184052
    13    10  2018       91.414520
    14    10  2018       84.205475
    15    10  2018       89.050720
    16    10  2018       96.198502
    17    10  2018      122.875923
    18    10  2018      146.948990
    19    10  2018      163.124756
    20    10  2018      182.350021
    21    10  2018      172.702637
    22    10  2018      147.148224
    23    10  2018      124.655800
    24    10  2018      111.883888
    25    10  2018      103.023682
    26    10  2018      106.614731
    27    10  2018      109.560829
    28    10  2018      108.103264
    29    10  2018       98.521271
    30    10  2018       87.339676
    31    10  2018       78.048378
     1    11  2018       71.314255
     2    11  2018       67.418762
     3    11  2018       62.129669
     4    11  2018       57.910389
     5    11  2018       56.566887
     6    11  2018       53.520111
     7    11  2018       49.231647
     8    11  2018       45.382706
     9    11  2018       42.590061
    10    11  2018       41.839943
    11    11  2018       43.427502
    12    11  2018       41.067726
    13    11  2018       37.924232
    14    11  2018       38.433540
    15    11  2018       35.603569
    16    11  2018       33.615112
    17    11  2018       33.238884
    18    11  2018       40.731674
    19    11  2018       39.832855
    20    11  2018       39.064823
    21    11  2018       35.575680
    22    11  2018       32.529953
    23    11  2018       30.563801
    24    11  2018       29.926863
    25    11  2018       28.450466
    26    11  2018       26.882183
    27    11  2018       25.623713
    28    11  2018       24.560463
    29    11  2018       23.635798
    30    11  2018       28.934685
     1    12  2018       33.502712
     2    12  2018       42.567589
     3    12  2018       45.254936
     4    12  2018       40.479973
     5    12  2018       35.753685
     6    12  2018       32.035076
     7    12  2018       29.342279
     8    12  2018       27.303686
     9    12  2018       25.991941
    10    12  2018       24.643639
    11    12  2018       23.406998
    12    12  2018       22.367735
    13    12  2018       21.482389
    14    12  2018       20.740143
    15    12  2018       20.288309
    16    12  2018       27.203899
    17    12  2018       39.871792
    18    12  2018       43.493622
    19    12  2018       41.393452
    20    12  2018       44.226254
    21    12  2018       45.820442
    22    12  2018       45.821236
    23    12  2018       51.075798
    24    12  2018       51.979889
    25    12  2018       48.699226
    26    12  2018       44.089798
    27    12  2018       40.118031
    28    12  2018       36.646389
    29    12  2018       33.258575
    30    12  2018       30.352541
    31    12  2018       28.032913
     1     1  2019       26.241211
     2     1  2019       24.644388
     3     1  2019       23.427959
     4     1  2019       22.642227
     5     1  2019       38.728508
     6     1  2019       39.339531
     7     1  2019       38.442375
     8     1  2019       34.984806
     9     1  2019       33.555302
    10     1  2019       37.504719
    11     1  2019       37.554119
    12     1  2019       36.559597
    13     1  2019       45.710777
    14     1  2019       50.195938
    15     1  2019       69.050049
    16     1  2019       73.943840
    17     1  2019       66.435806
    18     1  2019       57.859802
    19     1  2019       52.473568
    20     1  2019       46.559700
    21     1  2019       43.544670
    22     1  2019       50.216145
    23     1  2019       52.400158
    24     1  2019       49.508507
    25     1  2019       45.863640
    26     1  2019       45.355896
    27     1  2019       40.326538
    28     1  2019       35.660622
    29     1  2019       32.266922
    30     1  2019       29.712898
    31     1  2019       31.325974
     1     2  2019       29.144192
     2     2  2019       31.893177
     3     2  2019       30.437176
     4     2  2019       30.058741
     5     2  2019       36.595154
     6     2  2019       34.327972
     7     2  2019       31.714739
     8     2  2019       31.742901
     9     2  2019       30.076393
    10     2  2019       29.933043
    11     2  2019       27.204264
    12     2  2019       26.421951
    13     2  2019       31.239529
    14     2  2019       42.138638
    15     2  2019       50.074585
    16     2  2019       54.649349
    17     2  2019       65.374565
    18     2  2019       63.595810
    19     2  2019       91.001625
    20     2  2019       94.301361
    21     2  2019       98.562813
    22     2  2019      110.593475
    23     2  2019      104.877274
    24     2  2019       90.604218
    25     2  2019       88.323166
    26     2  2019       89.806648
    27     2  2019       91.942940
    28     2  2019       91.599915
     1     3  2019       89.812210
     2     3  2019       82.865356
     3     3  2019       73.724480
     4     3  2019       65.142776
     5     3  2019       58.218506
     6     3  2019       53.223743
     7     3  2019       58.460838
     8     3  2019       63.787609
     9     3  2019       80.725258
    10     3  2019       79.169495
    11     3  2019       76.464478
    12     3  2019       65.945244
    13     3  2019       61.868004
    14     3  2019       62.572689
    15     3  2019       66.463760
    16     3  2019       59.091778
    17     3  2019       51.904385
    18     3  2019       47.617069
    19     3  2019       49.227654
    20     3  2019       50.667561
    21     3  2019       48.401779
    22     3  2019       44.287434
    23     3  2019       40.451710
    24     3  2019       37.631687
    25     3  2019       35.631226
    26     3  2019       35.067497
    27     3  2019       32.833633
    28     3  2019       31.018211
    29     3  2019       29.561911
    30     3  2019       28.352581
    31     3  2019       27.420403
     1     4  2019       26.481962
     2     4  2019       25.589262
     3     4  2019       24.796026
     4     4  2019       24.084257
     5     4  2019       23.842148
     6     4  2019       28.218803
     7     4  2019       39.367832
     8     4  2019       59.870667
     9     4  2019       86.554115
    10     4  2019      118.957947
    11     4  2019      111.675964
    12     4  2019       98.455444
    13     4  2019       85.756622
    14     4  2019       74.390549
    15     4  2019       65.293633
    16     4  2019       58.975311
    17     4  2019       53.581074
    18     4  2019       50.071732
    19     4  2019       47.032814
    20     4  2019       43.023228
    21     4  2019       45.591831
    22     4  2019       53.003765
    23     4  2019       68.848579
    24     4  2019       80.865875
    25     4  2019       74.864983
    26     4  2019       65.776596
    27     4  2019       61.501560
    28     4  2019       68.777351
    29     4  2019       83.707214
    30     4  2019       85.883789
     1     5  2019       79.998840
     2     5  2019       72.335999
     3     5  2019       66.487000
     4     5  2019       59.864540
     5     5  2019       54.500389
     6     5  2019       51.539494
     7     5  2019       47.919006
     8     5  2019       45.164879
     9     5  2019       43.031395
    10     5  2019       40.676193
    11     5  2019       40.435070
    12     5  2019       39.000069
    13     5  2019       39.862602
    14     5  2019       40.032425
    15     5  2019       41.410828
    16     5  2019       41.523685
    17     5  2019       39.243008
    18     5  2019       37.592773
    19     5  2019       38.893810
    20     5  2019       39.967403
    21     5  2019       40.561253
    22     5  2019       37.926815
    23     5  2019       51.839340
    24     5  2019       70.800507
    25     5  2019       96.174080
    26     5  2019      109.309120
    27     5  2019       99.782974
    28     5  2019      107.927116
    29     5  2019      119.091339
    30     5  2019      171.025742
    31     5  2019      256.989105
     1     6  2019      293.747620
     2     6  2019      325.447174
     3     6  2019      341.020874
     4     6  2019      331.735840
     5     6  2019      301.899017
     6     6  2019      270.166809
     7     6  2019      238.959381
     8     6  2019      211.210571
     9     6  2019      187.722870
    10     6  2019      168.040573
    11     6  2019      151.568436
    12     6  2019      137.697754
    13     6  2019      125.948776
    14     6  2019      115.909950
    15     6  2019      107.276886
    16     6  2019       99.785210
    17     6  2019       93.237350
    18     6  2019       87.477310
    19     6  2019       82.378342
    20     6  2019       77.837868
    21     6  2019       73.772148
    22     6  2019       70.112793
    23     6  2019       66.803406
    24     6  2019       63.797253
    25     6  2019       61.056484
    26     6  2019       68.182846
    27     6  2019       75.961304
    28     6  2019       99.294701
    29     6  2019      120.134285
    30     6  2019      114.041481
     1     7  2019      103.315910
     2     7  2019       94.553909
     3     7  2019       89.216064
     4     7  2019       83.826912
     5     7  2019       80.125435
     6     7  2019       76.020172
     7     7  2019       72.002846
     8     7  2019       67.876434
     9     7  2019       64.098106
    10     7  2019       60.814697
    11     7  2019       57.912697
    12     7  2019       55.325573
    13     7  2019       52.994736
    14     7  2019       50.880257
    15     7  2019       50.199783
    16     7  2019       49.599106
    17     7  2019       48.507275
    18     7  2019       47.477982
    19     7  2019       45.679577
    20     7  2019       43.904427
    21     7  2019       42.536842
    22     7  2019       41.145027
    23     7  2019       39.828259
    24     7  2019       38.631279
    25     7  2019       37.525246
    26     7  2019       36.495594
    27     7  2019       35.546532
    28     7  2019       34.639992
    29     7  2019       33.782742
    30     7  2019       33.060139
    31     7  2019       32.356663
     1     8  2019       31.863028
     2     8  2019       31.178471
     3     8  2019       30.425713
     4     8  2019       29.825005
     5     8  2019       29.660084
     6     8  2019       29.010487
     7     8  2019       28.253914
     8     8  2019       27.586086
     9     8  2019       26.969837
    10     8  2019       26.392340
    11     8  2019       25.846733
    12     8  2019       25.328295
    13     8  2019       24.898008
    14     8  2019       24.411665
    15     8  2019       23.977055
    16     8  2019       23.523485
    17     8  2019       23.094290
    18     8  2019       22.693823
    19     8  2019       29.727972
    20     8  2019       40.041908
    21     8  2019       39.010563
    22     8  2019       34.010880
    23     8  2019       31.717443
    24     8  2019       30.035719
    25     8  2019       28.053690
    26     8  2019       26.453758
    27     8  2019       25.233154
    28     8  2019       24.240841
    29     8  2019       23.408245
    30     8  2019       22.692305
    31     8  2019       23.206427
     1     9  2019       38.337101
     2     9  2019       52.580891
     3     9  2019       71.563652
     4     9  2019       63.828465
     5     9  2019       53.654812
     6     9  2019       45.993172
     7     9  2019       40.461754
     8     9  2019       36.925880
     9     9  2019       34.075916
    10     9  2019       31.399279
    11     9  2019       29.303944
    12     9  2019       27.681602
    13     9  2019       26.326862
    14     9  2019       25.192402
    15     9  2019       24.225418
    16     9  2019       23.400164
    17     9  2019       22.677509
    18     9  2019       30.990046
    19     9  2019       52.986095
    20     9  2019       76.448563
    21     9  2019       96.810394
    22     9  2019      102.178032
    23     9  2019       92.956673
    24     9  2019       80.084099
    25     9  2019       69.120430
    26     9  2019       60.194809
    27     9  2019       53.162895
    28     9  2019       47.549664
    29     9  2019       43.062752
    30     9  2019       39.470692
     1    10  2019       36.546238
     2    10  2019       34.134727
     3    10  2019       32.125462
     4    10  2019       30.427345
     5    10  2019       29.892483
     6    10  2019       40.186798
     7    10  2019       59.403870
     8    10  2019       64.529266
     9    10  2019       67.764557
    10    10  2019       62.184895
    11    10  2019       54.528755
    12    10  2019       48.496597
    13    10  2019       46.475903
    14    10  2019       50.528130
    15    10  2019       53.129761
    16    10  2019       60.614529
    17    10  2019       62.828323
    18    10  2019       57.104355
    19    10  2019       50.409714
    20    10  2019       45.830521
    21    10  2019       43.702595
    22    10  2019       41.643360
    23    10  2019       40.963005
    24    10  2019       39.520134
    25    10  2019       36.775887
    26    10  2019       34.226646
    27    10  2019       34.163448
    28    10  2019       40.076668
    29    10  2019       43.138489
    30    10  2019       52.562199
    31    10  2019       50.582516
     1    11  2019       45.968582
     2    11  2019       41.827110
     3    11  2019       38.363712
     4    11  2019       36.455219
     5    11  2019       34.692635
     6    11  2019       33.880562
     7    11  2019       36.527798
     8    11  2019       35.428509
     9    11  2019       32.675941
    10    11  2019       44.498451
    11    11  2019       63.481724
    12    11  2019       71.310249
    13    11  2019       65.015182
    14    11  2019       60.045681
    15    11  2019       57.373150
    16    11  2019       52.116062
    17    11  2019       48.240448
    18    11  2019       43.712490
    19    11  2019       39.647068
    20    11  2019       36.429329
    21    11  2019       33.824818
    22    11  2019       31.689770
    23    11  2019       39.699867
    24    11  2019       39.211220
    25    11  2019       39.876614
    26    11  2019       38.958511
    27    11  2019       53.358269
    28    11  2019       69.106758
    29    11  2019       73.230072
    30    11  2019       74.189842
     1    12  2019       65.181313
     2    12  2019       55.420425
     3    12  2019       49.713230
     4    12  2019       50.200665
     5    12  2019       48.403778
     6    12  2019       45.056026
     7    12  2019       44.845528
     8    12  2019       41.587124
     9    12  2019       39.730774
    10    12  2019       36.626385
    11    12  2019       33.744183
    12    12  2019       41.213566
    13    12  2019       57.380173
    14    12  2019       48.883415
    15    12  2019       42.114174
    16    12  2019       41.580925
    17    12  2019       43.244804
    18    12  2019       43.359890
    19    12  2019       42.834946
    20    12  2019       40.690609
    21    12  2019       39.180344
    22    12  2019       38.992882
    23    12  2019       35.653584
    24    12  2019       33.235546
    25    12  2019       30.947912
    26    12  2019       29.502512
    27    12  2019       29.993313
    28    12  2019       28.617619
    29    12  2019       26.816595
    30    12  2019       25.419199
    31    12  2019       24.268061
     1     1  2020       25.956053
     2     1  2020       31.292406
     3     1  2020       34.216476
     4     1  2020       37.578644
     5     1  2020       38.448139
     6     1  2020       40.464573
     7     1  2020       41.336235
     8     1  2020       42.706970
     9     1  2020       42.217731
    10     1  2020       37.979561
    11     1  2020       44.136074
    12     1  2020       48.839714
    13     1  2020       46.306583
    14     1  2020       40.973267
    15     1  2020       36.475929
    16     1  2020       35.122768
    17     1  2020       36.496735
    18     1  2020       36.436558
    19     1  2020       33.330601
    20     1  2020       30.169001
    21     1  2020       27.822216
    22     1  2020       25.991779
    23     1  2020       24.514336
    24     1  2020       23.299671
    25     1  2020       22.277712
    26     1  2020       21.403131
    27     1  2020       20.638647
    28     1  2020       24.644966
    29     1  2020       31.645498
    30     1  2020       36.380119
    31     1  2020       36.821445
     1     2  2020       34.752327
     2     2  2020       34.790573
     3     2  2020       33.793552
     4     2  2020       31.695017
     5     2  2020       31.616510
     6     2  2020       34.763302
     7     2  2020       39.983002
     8     2  2020       39.385086
     9     2  2020       36.929913
    10     2  2020       34.518524
    11     2  2020       31.937105
    12     2  2020       29.070808
    13     2  2020       26.548450
    14     2  2020       24.605860
    15     2  2020       23.060539
    16     2  2020       21.803295
    17     2  2020       20.760105
    18     2  2020       19.880348
    19     2  2020       22.600039
    20     2  2020       24.938240
    21     2  2020       29.519491
    22     2  2020       29.568356
    23     2  2020       27.122120
    24     2  2020       24.493128
    25     2  2020       28.217373
    26     2  2020       47.209179
    27     2  2020       69.465881
    28     2  2020       79.790344
    29     2  2020       70.927246
     1     3  2020       59.620083
     2     3  2020       51.599648
     3     3  2020       44.849899
     4     3  2020       39.414307
     5     3  2020       35.186504
     6     3  2020       31.783417
     7     3  2020       29.079491
     8     3  2020       26.909506
     9     3  2020       25.141399
    10     3  2020       23.679134
    11     3  2020       22.452700
    12     3  2020       21.410475
    13     3  2020       20.513811
    14     3  2020       19.733515
    15     3  2020       19.047325
    16     3  2020       18.501581
    17     3  2020       18.717247
    18     3  2020       25.994398
    19     3  2020       28.026674
    20     3  2020       26.595816
    21     3  2020       24.231260
    22     3  2020       21.922981
    23     3  2020       20.305779
    24     3  2020       19.094957
    25     3  2020       18.150337
    26     3  2020       17.389435
    27     3  2020       16.759737
    28     3  2020       16.226171
    29     3  2020       15.922767
    30     3  2020       15.498092
    31     3  2020       15.190617
     1     4  2020       14.865109
     2     4  2020       14.754659
     3     4  2020       14.496328
     4     4  2020       14.198318
     5     4  2020       13.899368
     6     4  2020       14.713387
     7     4  2020       16.560230
     8     4  2020       17.428642
     9     4  2020       16.530491
    10     4  2020       15.410239
    11     4  2020       14.627076
    12     4  2020       14.035426
    13     4  2020       13.568199
    14     4  2020       16.236813
    15     4  2020       19.274082
    16     4  2020       20.282558
    17     4  2020       18.688200
    18     4  2020       16.850119
    19     4  2020       15.599220
    20     4  2020       14.682055
    21     4  2020       13.980984
    22     4  2020       13.428054
    23     4  2020       12.980057
    24     4  2020       12.608288
    25     4  2020       12.293073
    26     4  2020       12.020638
    27     4  2020       11.781131
    28     4  2020       11.567546
    29     4  2020       11.376715
    30     4  2020       11.204765
     1     5  2020       11.041108
     2     5  2020       10.888546
     3     5  2020       10.748865
     4     5  2020       10.619068
     5     5  2020       10.498377
     6     5  2020       11.864674
     7     5  2020       12.509156
     8     5  2020       12.350253
     9     5  2020       11.821235
    10     5  2020       11.283322
    11     5  2020       10.902960
    12     5  2020       10.612179
    13     5  2020       11.833932
    14     5  2020       15.342072
    15     5  2020       17.494686
    16     5  2020       16.119198
    17     5  2020       14.349715
    18     5  2020       13.164560
    19     5  2020       12.311561
    20     5  2020       11.673410
    21     5  2020       11.182078
    22     5  2020       16.622078
    23     5  2020       20.166601
    24     5  2020       20.973265
    25     5  2020       18.969591
    26     5  2020       16.458027
    27     5  2020       14.773227
    28     5  2020       13.564229
    29     5  2020       12.663768
    30     5  2020       11.974964
    31     5  2020       11.435862
     1     6  2020       11.738599
     2     6  2020       14.026913
     3     6  2020       16.414598
     4     6  2020       17.973866
     5     6  2020       19.767187
     6     6  2020       22.560581
     7     6  2020       24.109344
     8     6  2020       23.176928
     9     6  2020       29.021049
    10     6  2020       54.305222
    11     6  2020       80.002205
    12     6  2020       91.142471
    13     6  2020       84.279831
    14     6  2020       71.571472
    15     6  2020       61.087040
    16     6  2020       51.938244
    17     6  2020       44.397186
    18     6  2020       38.430393
    19     6  2020       33.711159
    20     6  2020       29.954895
    21     6  2020       26.940229
    22     6  2020       24.499454
    23     6  2020       22.506258
    24     6  2020       20.864555
    25     6  2020       24.538010
    26     6  2020       30.720747
    27     6  2020       39.090904
    28     6  2020       44.116837
    29     6  2020       41.796581
    30     6  2020       43.145134
     1     7  2020       47.578232
     2     7  2020       46.521515
     3     7  2020       41.007637
     4     7  2020       35.574444
     5     7  2020       31.382973
     6     7  2020       28.317898
     7     7  2020       27.790119
     8     7  2020       27.206036
     9     7  2020       25.555355
    10     7  2020       23.871368
    11     7  2020       22.136183
    12     7  2020       20.570789
    13     7  2020       21.152143
    14     7  2020       25.693665
    15     7  2020       28.680105
    16     7  2020       26.324116
    17     7  2020       23.695066
    18     7  2020       22.004063
    19     7  2020       20.654310
    20     7  2020       19.309423
    21     7  2020       18.182545
    22     7  2020       17.276323
    23     7  2020       16.526920
    24     7  2020       15.896394
    25     7  2020       15.358215
    26     7  2020       14.892878
    27     7  2020       14.485744
    28     7  2020       17.743828
    29     7  2020       22.625404
    30     7  2020       25.052338
    31     7  2020       22.935877
     1     8  2020       20.318085
     2     8  2020       18.505142
     3     8  2020       17.183687
     4     8  2020       16.171930
     5     8  2020       15.372787
     6     8  2020       14.725759
     7     8  2020       14.190458
     8     8  2020       13.738866
     9     8  2020       13.351141
    10     8  2020       13.012908
    11     8  2020       12.713630
    12     8  2020       12.717399
    13     8  2020       17.673454
    14     8  2020       24.609018
    15     8  2020       61.680145
    16     8  2020       81.433517
    17     8  2020       93.689148
    18     8  2020      109.708000
    19     8  2020      129.526337
    20     8  2020      145.393158
    21     8  2020      142.500443
    22     8  2020      125.525139
    23     8  2020      104.794571
    24     8  2020       87.691093
    25     8  2020       74.279144
    26     8  2020       63.772755
    27     8  2020       55.515450
    28     8  2020       48.952091
    29     8  2020       43.675091
    30     8  2020       39.385353
    31     8  2020       35.860920
     1     9  2020       32.935402
     2     9  2020       30.492905
     3     9  2020       28.435968
     4     9  2020       26.690809
     5     9  2020       25.194426
     6     9  2020       23.899473
     7     9  2020       22.770191
     8     9  2020       21.778231
     9     9  2020       20.900904
    10     9  2020       20.119959
    11     9  2020       19.420616
    12     9  2020       18.790863
    13     9  2020       18.220490
    14     9  2020       17.701052
    15     9  2020       17.225647
    16     9  2020       16.788500
    17     9  2020       16.422935
    18     9  2020       16.203627
    19     9  2020       16.176212
    20     9  2020       15.836609
    21     9  2020       15.390782
    22     9  2020       15.019129
    23     9  2020       14.690555
    24     9  2020       14.392720
    25     9  2020       14.118733
    26     9  2020       13.863991
    27     9  2020       14.299713
    28     9  2020       27.356052
    29     9  2020       38.934055
    30     9  2020       41.588600
     1    10  2020       36.119770
     2    10  2020       30.392227
     3    10  2020       27.322569
     4    10  2020       24.773890
     5    10  2020       22.664112
     6    10  2020       20.818333
     7    10  2020       19.872997
     8    10  2020       28.129721
     9    10  2020       40.399143
    10    10  2020       45.432705
    11    10  2020       42.494202
    12    10  2020       37.055214
    13    10  2020       32.244198
    14    10  2020       28.491720
    15    10  2020       25.728668
    16    10  2020       23.464537
    17    10  2020       21.641924
    18    10  2020       20.137379
    19    10  2020       18.918077
    20    10  2020       17.918303
    21    10  2020       17.085037
    22    10  2020       16.380274
    23    10  2020       15.776102
    24    10  2020       36.550766
    25    10  2020       42.836281
    26    10  2020       39.881912
    27    10  2020       33.505997
    28    10  2020       27.885824
    29    10  2020       31.286825
    30    10  2020       41.513149
    31    10  2020       45.311138
     1    11  2020       41.883965
     2    11  2020       35.156826
     3    11  2020       30.120081
     4    11  2020       27.132160
     5    11  2020       24.783001
     6    11  2020       22.447433
     7    11  2020       20.540722
     8    11  2020       19.076572
     9    11  2020       18.816460
    10    11  2020       19.307608
    11    11  2020       33.595295
    12    11  2020       48.612324
    13    11  2020       52.425930
    14    11  2020       46.058968
    15    11  2020       38.656254
    16    11  2020       34.420715
    17    11  2020       31.843691
    18    11  2020       35.788124
    19    11  2020       39.544525
    20    11  2020       40.379051
    21    11  2020       37.544407
    22    11  2020       34.309006
    23    11  2020       31.925926
    24    11  2020       28.978497
    25    11  2020       26.001867
    26    11  2020       23.987410
    27    11  2020       34.079536
    28    11  2020       46.826405
    29    11  2020       50.797897
    30    11  2020       45.587727
     1    12  2020       39.718876
     2    12  2020       34.607174
     3    12  2020       37.883659
     4    12  2020       49.377472
     5    12  2020       94.747025
     6    12  2020      108.716370
     7    12  2020      111.969955
     8    12  2020       97.234741
     9    12  2020       80.400650
    10    12  2020       68.225174
    11    12  2020       59.206425
    12    12  2020       52.120071
    13    12  2020       48.937153
    14    12  2020       46.013046
    15    12  2020       45.130661
    16    12  2020       49.469341
    17    12  2020       54.818748
    18    12  2020       58.906887
    19    12  2020       61.269093
    20    12  2020       71.309273
    21    12  2020       77.171570
    22    12  2020       72.136208
    23    12  2020       63.521626
    24    12  2020       55.234364
    25    12  2020       48.537033
    26    12  2020       43.234325
    27    12  2020       39.012016
    28    12  2020       36.921413
    29    12  2020       34.677044
    30    12  2020       54.774296
    31    12  2020       62.083214
