     1     1  2017       34.284824
     2     1  2017       36.624969
     3     1  2017       37.785526
     4     1  2017       39.515274
     5     1  2017       52.427307
     6     1  2017       63.382652
     7     1  2017       66.562401
     8     1  2017       60.921234
     9     1  2017       58.054626
    10     1  2017       52.690109
    11     1  2017       48.964821
    12     1  2017       45.690956
    13     1  2017       44.248585
    14     1  2017       43.644680
    15     1  2017       41.211807
    16     1  2017       40.879845
    17     1  2017       43.331390
    18     1  2017       42.842445
    19     1  2017       48.382927
    20     1  2017       52.593792
    21     1  2017       48.077515
    22     1  2017       44.352219
    23     1  2017       53.046082
    24     1  2017       59.188789
    25     1  2017       55.021492
    26     1  2017       62.954216
    27     1  2017       68.113869
    28     1  2017       65.638031
    29     1  2017       62.503464
    30     1  2017       58.808273
    31     1  2017       67.504745
     1     2  2017       77.185402
     2     2  2017       73.457993
     3     2  2017       79.032211
     4     2  2017       81.424408
     5     2  2017       78.093369
     6     2  2017       69.763550
     7     2  2017       62.602249
     8     2  2017       57.040310
     9     2  2017       52.661278
    10     2  2017       48.963505
    11     2  2017       48.956078
    12     2  2017       63.210663
    13     2  2017       85.879364
    14     2  2017       97.654785
    15     2  2017       89.185715
    16     2  2017       78.272041
    17     2  2017       71.174538
    18     2  2017       71.622154
    19     2  2017       71.538460
    20     2  2017       66.811089
    21     2  2017       61.992348
    22     2  2017       55.705147
    23     2  2017       51.453888
    24     2  2017       50.852097
    25     2  2017       66.698181
    26     2  2017       66.337006
    27     2  2017       64.243622
    28     2  2017       60.345230
     1     3  2017       61.716892
     2     3  2017       64.184853
     3     3  2017       62.198898
     4     3  2017       60.856621
     5     3  2017       64.053429
     6     3  2017       66.503754
     7     3  2017       64.519447
     8     3  2017       61.231392
     9     3  2017       58.460396
    10     3  2017       53.852291
    11     3  2017       49.875866
    12     3  2017       50.257477
    13     3  2017       53.635689
    14     3  2017       54.446541
    15     3  2017       52.317528
    16     3  2017       47.278595
    17     3  2017       45.641979
    18     3  2017       45.754005
    19     3  2017       45.253815
    20     3  2017       45.136528
    21     3  2017       43.902554
    22     3  2017       41.999012
    23     3  2017       40.258286
    24     3  2017       40.190865
    25     3  2017       41.412010
    26     3  2017       41.463921
    27     3  2017       39.561607
    28     3  2017       38.760036
    29     3  2017       40.522003
    30     3  2017       41.246391
    31     3  2017       41.938789
     1     4  2017       40.457489
     2     4  2017       39.497585
     3     4  2017       37.954460
     4     4  2017       37.849712
     5     4  2017       38.711346
     6     4  2017       43.315395
     7     4  2017       48.659950
     8     4  2017       45.819206
     9     4  2017       42.170708
    10     4  2017       41.216621
    11     4  2017       40.253277
    12     4  2017       39.985622
    13     4  2017       37.829918
    14     4  2017       36.221981
    15     4  2017       36.186897
    16     4  2017       36.540051
    17     4  2017       35.362881
    18     4  2017       37.841377
    19     4  2017       36.454525
    20     4  2017       35.011848
    21     4  2017       35.727161
    22     4  2017       35.934826
    23     4  2017       34.901077
    24     4  2017       32.988564
    25     4  2017       31.383646
    26     4  2017       32.488842
    27     4  2017       40.279713
    28     4  2017       39.637379
    29     4  2017       37.109863
    30     4  2017       33.994850
     1     5  2017       31.528461
     2     5  2017       29.874760
     3     5  2017       28.727434
     4     5  2017       28.283279
     5     5  2017       28.263081
     6     5  2017       28.395733
     7     5  2017       28.363670
     8     5  2017       27.974390
     9     5  2017       27.305790
    10     5  2017       26.604254
    11     5  2017       26.056911
    12     5  2017       25.635887
    13     5  2017       27.186480
    14     5  2017       29.630159
    15     5  2017       29.102375
    16     5  2017       28.249763
    17     5  2017       26.997967
    18     5  2017       27.360527
    19     5  2017       36.380013
    20     5  2017       68.854210
    21     5  2017       74.464653
    22     5  2017       67.883011
    23     5  2017       62.892105
    24     5  2017       58.165424
    25     5  2017       55.189873
    26     5  2017       50.985443
    27     5  2017       50.238873
    28     5  2017       66.435364
    29     5  2017       86.092354
    30     5  2017       92.831856
    31     5  2017      107.430153
     1     6  2017      152.003876
     2     6  2017      241.265320
     3     6  2017      235.204163
     4     6  2017      202.718536
     5     6  2017      191.533783
     6     6  2017      216.690704
     7     6  2017      241.616821
     8     6  2017      240.568115
     9     6  2017      221.516510
    10     6  2017      197.482193
    11     6  2017      171.086761
    12     6  2017      147.444336
    13     6  2017      127.390854
    14     6  2017      110.748596
    15     6  2017       97.022980
    16     6  2017       85.710831
    17     6  2017       76.391495
    18     6  2017       68.675354
    19     6  2017       64.132202
    20     6  2017       65.995438
    21     6  2017       68.493179
    22     6  2017       62.740158
    23     6  2017       57.213638
    24     6  2017       52.490944
    25     6  2017       48.657349
    26     6  2017       45.511097
    27     6  2017       43.425781
    28     6  2017       41.080009
    29     6  2017       38.924820
    30     6  2017       37.113880
     1     7  2017       35.568367
     2     7  2017       34.221313
     3     7  2017       33.047920
     4     7  2017       32.015652
     5     7  2017       31.139593
     6     7  2017       30.882093
     7     7  2017       31.390835
     8     7  2017       30.686859
     9     7  2017       29.734415
    10     7  2017       29.202145
    11     7  2017       28.618532
    12     7  2017       28.019360
    13     7  2017       27.500959
    14     7  2017       27.043476
    15     7  2017       26.635166
    16     7  2017       26.265308
    17     7  2017       26.388618
    18     7  2017       29.056389
    19     7  2017       31.769672
    20     7  2017       30.178600
    21     7  2017       28.445358
    22     7  2017       27.083733
    23     7  2017       26.189651
    24     7  2017       25.553154
    25     7  2017       25.072559
    26     7  2017       24.680906
    27     7  2017       24.349600
    28     7  2017       24.062057
    29     7  2017       23.805538
    30     7  2017       23.571922
    31     7  2017       23.355738
     1     8  2017       23.152897
     2     8  2017       23.519394
     3     8  2017       26.316034
     4     8  2017       32.869213
     5     8  2017       33.724800
     6     8  2017       29.771233
     7     8  2017       27.005905
     8     8  2017       25.462042
     9     8  2017       24.584291
    10     8  2017       24.746435
    11     8  2017       24.197485
    12     8  2017       23.409328
    13     8  2017       24.647646
    14     8  2017       31.560993
    15     8  2017       38.320072
    16     8  2017       35.698662
    17     8  2017       31.229189
    18     8  2017       28.612946
    19     8  2017       28.080416
    20     8  2017       49.744415
    21     8  2017       87.882889
    22     8  2017       88.171890
    23     8  2017       71.898392
    24     8  2017       59.365936
    25     8  2017       50.586384
    26     8  2017       44.459007
    27     8  2017       39.964157
    28     8  2017       36.874363
    29     8  2017       34.135845
    30     8  2017       31.872149
    31     8  2017       30.124672
     1     9  2017       28.665974
     2     9  2017       27.461679
     3     9  2017       26.497988
     4     9  2017       26.560593
     5     9  2017       25.664711
     6     9  2017       24.736172
     7     9  2017       24.043205
     8     9  2017       23.495010
     9     9  2017       23.174877
    10     9  2017       22.774216
    11     9  2017       22.384867
    12     9  2017       22.059143
    13     9  2017       21.908142
    14     9  2017       22.533493
    15     9  2017       22.095806
    16     9  2017       21.550957
    17     9  2017       21.335896
    18     9  2017       21.107121
    19     9  2017       20.833965
    20     9  2017       20.630144
    21     9  2017       21.115915
    22     9  2017       21.083977
    23     9  2017       20.946175
    24     9  2017       20.746786
    25     9  2017       20.216558
    26     9  2017       20.049213
    27     9  2017       20.354038
    28     9  2017       20.158302
    29     9  2017       22.827330
    30     9  2017       32.241039
     1    10  2017       45.162872
     2    10  2017       52.829781
     3    10  2017       44.945755
     4    10  2017       36.783985
     5    10  2017       31.222721
     6    10  2017       30.216965
     7    10  2017       37.714470
     8    10  2017       45.548225
     9    10  2017       56.477730
    10    10  2017       63.516403
    11    10  2017       62.294701
    12    10  2017       56.666500
    13    10  2017       58.199623
    14    10  2017       71.900963
    15    10  2017       71.043747
    16    10  2017       64.695740
    17    10  2017       59.795223
    18    10  2017       54.197258
    19    10  2017       49.797447
    20    10  2017       46.008316
    21    10  2017       45.217834
    22    10  2017       53.116364
    23    10  2017       57.101639
    24    10  2017       51.559879
    25    10  2017       48.746254
    26    10  2017       51.914867
    27    10  2017       50.896263
    28    10  2017       49.353180
    29    10  2017       45.411674
    30    10  2017       44.062187
    31    10  2017       41.939857
     1    11  2017       38.523804
     2    11  2017       35.089149
     3    11  2017       32.572685
     4    11  2017       34.444931
     5    11  2017       41.998226
     6    11  2017       49.792324
     7    11  2017       44.349792
     8    11  2017       38.666130
     9    11  2017       34.998016
    10    11  2017       33.659901
    11    11  2017       39.867027
    12    11  2017       44.048836
    13    11  2017       41.953365
    14    11  2017       38.290020
    15    11  2017       34.452572
    16    11  2017       32.793930
    17    11  2017       34.112896
    18    11  2017       50.645187
    19    11  2017       84.890945
    20    11  2017       82.827713
    21    11  2017       73.291855
    22    11  2017       79.214035
    23    11  2017       77.090546
    24    11  2017       65.716263
    25    11  2017       62.580208
    26    11  2017       64.367714
    27    11  2017       61.090889
    28    11  2017       53.812279
    29    11  2017       47.922684
    30    11  2017       42.979149
     1    12  2017       39.023888
     2    12  2017       36.829628
     3    12  2017       34.092300
     4    12  2017       31.968727
     5    12  2017       30.772854
     6    12  2017       34.023926
     7    12  2017       33.434254
     8    12  2017       33.925964
     9    12  2017       37.282177
    10    12  2017       33.945477
    11    12  2017       30.496231
    12    12  2017       28.238743
    13    12  2017       26.613590
    14    12  2017       25.437557
    15    12  2017       25.188286
    16    12  2017       26.613836
    17    12  2017       27.615601
    18    12  2017       25.689865
    19    12  2017       24.727146
    20    12  2017       27.214487
    21    12  2017       32.692383
    22    12  2017       40.721481
    23    12  2017       37.633251
    24    12  2017       35.979904
    25    12  2017       46.247402
    26    12  2017       65.180763
    27    12  2017       63.137878
    28    12  2017       57.502197
    29    12  2017       57.069511
    30    12  2017       72.783768
    31    12  2017       88.437439
     1     1  2018       77.109116
     2     1  2018       66.023560
     3     1  2018       59.511681
     4     1  2018       52.825974
     5     1  2018       47.284470
     6     1  2018       43.412949
     7     1  2018       52.716557
     8     1  2018       58.297482
     9     1  2018       49.359619
    10     1  2018       50.094765
    11     1  2018       61.101913
    12     1  2018       65.925476
    13     1  2018       72.167664
    14     1  2018       75.909775
    15     1  2018       73.029602
    16     1  2018       64.085426
    17     1  2018       87.556702
    18     1  2018      139.167480
    19     1  2018      167.610596
    20     1  2018      186.856964
    21     1  2018      186.225433
    22     1  2018      172.554718
    23     1  2018      179.036407
    24     1  2018      220.416595
    25     1  2018      229.887650
    26     1  2018      196.378540
    27     1  2018      163.465637
    28     1  2018      139.336639
    29     1  2018      133.235931
    30     1  2018      141.150482
    31     1  2018      137.296722
     1     2  2018      120.726715
     2     2  2018      105.798584
     3     2  2018       93.400345
     4     2  2018       83.183578
     5     2  2018       74.549774
     6     2  2018       67.321487
     7     2  2018       60.947689
     8     2  2018       55.364941
     9     2  2018       51.041943
    10     2  2018       49.317360
    11     2  2018       52.810928
    12     2  2018       62.347939
    13     2  2018       74.905975
    14     2  2018       72.481461
    15     2  2018       64.816864
    16     2  2018       57.666740
    17     2  2018       51.848789
    18     2  2018       47.506439
    19     2  2018       46.034248
    20     2  2018       53.057167
    21     2  2018       56.227081
    22     2  2018       49.987358
    23     2  2018       44.798737
    24     2  2018       41.617081
    25     2  2018       38.961502
    26     2  2018       36.748718
    27     2  2018       35.314938
    28     2  2018       35.212837
     1     3  2018       36.877892
     2     3  2018       37.493217
     3     3  2018       36.263111
     4     3  2018       38.550358
     5     3  2018       37.694111
     6     3  2018       37.915016
     7     3  2018       41.867897
     8     3  2018       41.307335
     9     3  2018       37.363773
    10     3  2018       35.006699
    11     3  2018       33.730003
    12     3  2018       33.798965
    13     3  2018       32.993534
    14     3  2018       36.062428
    15     3  2018       51.647614
    16     3  2018       65.337090
    17     3  2018       58.240265
    18     3  2018       49.398880
    19     3  2018       42.740685
    20     3  2018       42.079170
    21     3  2018       59.881119
    22     3  2018       76.685944
    23     3  2018       65.726151
    24     3  2018       59.856251
    25     3  2018       62.718651
    26     3  2018       60.013802
    27     3  2018       66.341103
    28     3  2018       70.606621
    29     3  2018       70.933701
    30     3  2018       90.515594
    31     3  2018       99.304924
     1     4  2018       95.461746
     2     4  2018      100.256210
     3     4  2018       94.422806
     4     4  2018       84.856255
     5     4  2018       75.559692
     6     4  2018       67.701630
     7     4  2018       61.153492
     8     4  2018       55.472343
     9     4  2018       50.610458
    10     4  2018       46.518547
    11     4  2018       43.098804
    12     4  2018       40.239594
    13     4  2018       37.844246
    14     4  2018       35.841427
    15     4  2018       34.342377
    16     4  2018       34.615337
    17     4  2018       35.811317
    18     4  2018       36.268253
    19     4  2018       35.267624
    20     4  2018       34.016541
    21     4  2018       32.471405
    22     4  2018       31.074909
    23     4  2018       29.981720
    24     4  2018       29.090780
    25     4  2018       28.341816
    26     4  2018       27.697933
    27     4  2018       27.135292
    28     4  2018       26.637075
    29     4  2018       26.191219
    30     4  2018       25.788120
     1     5  2018       25.420528
     2     5  2018       25.085644
     3     5  2018       24.880619
     4     5  2018       25.142963
     5     5  2018       24.923771
     6     5  2018       24.494720
     7     5  2018       24.262018
     8     5  2018       26.572086
     9     5  2018       29.936552
    10     5  2018       29.629351
    11     5  2018       28.761715
    12     5  2018       27.588312
    13     5  2018       26.390968
    14     5  2018       25.527267
    15     5  2018       24.924896
    16     5  2018       25.102823
    17     5  2018       26.137632
    18     5  2018       25.550709
    19     5  2018       28.151859
    20     5  2018       36.192192
    21     5  2018       34.665264
    22     5  2018       30.312218
    23     5  2018       27.449249
    24     5  2018       25.699038
    25     5  2018       24.533070
    26     5  2018       23.706669
    27     5  2018       23.090000
    28     5  2018       22.608574
    29     5  2018       22.216896
    30     5  2018       21.887062
    31     5  2018       21.601273
     1     6  2018       21.348539
     2     6  2018       21.402977
     3     6  2018       22.988701
     4     6  2018       24.072737
     5     6  2018       24.026932
     6     6  2018       24.161999
     7     6  2018       24.351387
     8     6  2018       24.256653
     9     6  2018       24.159370
    10     6  2018       23.020226
    11     6  2018       22.045918
    12     6  2018       22.123253
    13     6  2018       25.709709
    14     6  2018       29.744576
    15     6  2018       29.771084
    16     6  2018       32.285446
    17     6  2018       32.433174
    18     6  2018       30.160435
    19     6  2018       26.800404
    20     6  2018       24.485607
    21     6  2018       23.017612
    22     6  2018       22.025238
    23     6  2018       21.314720
    24     6  2018       20.784979
    25     6  2018       20.374308
    26     6  2018       21.300797
    27     6  2018       30.517168
    28     6  2018       52.191978
    29     6  2018       51.894871
    30     6  2018       40.731682
     1     7  2018       33.287079
     2     7  2018       29.034920
     3     7  2018       26.468044
     4     7  2018       24.755125
     5     7  2018       23.456964
     6     7  2018       22.817188
     7     7  2018       22.163254
     8     7  2018       21.568550
     9     7  2018       21.124649
    10     7  2018       21.017426
    11     7  2018       20.667583
    12     7  2018       20.294052
    13     7  2018       19.981045
    14     7  2018       19.723980
    15     7  2018       19.503735
    16     7  2018       19.309910
    17     7  2018       19.135427
    18     7  2018       18.975479
    19     7  2018       18.826633
    20     7  2018       18.686485
    21     7  2018       18.553196
    22     7  2018       18.425428
    23     7  2018       18.303825
    24     7  2018       18.209726
    25     7  2018       18.107952
    26     7  2018       18.287888
    27     7  2018       19.409323
    28     7  2018       19.288315
    29     7  2018       19.209080
    30     7  2018       21.462452
    31     7  2018       22.957684
     1     8  2018       21.826809
     2     8  2018       20.619331
     3     8  2018       19.555561
     4     8  2018       19.134747
     5     8  2018       19.145006
     6     8  2018       18.884312
     7     8  2018       18.340603
     8     8  2018       18.026505
     9     8  2018       17.820541
    10     8  2018       17.993153
    11     8  2018       17.646685
    12     8  2018       17.244720
    13     8  2018       16.958771
    14     8  2018       16.736717
    15     8  2018       16.552496
    16     8  2018       16.392052
    17     8  2018       16.247303
    18     8  2018       16.113401
    19     8  2018       15.987665
    20     8  2018       15.867203
    21     8  2018       15.776264
    22     8  2018       16.289734
    23     8  2018       20.167982
    24     8  2018       25.759310
    25     8  2018       42.615837
    26     8  2018       56.834595
    27     8  2018       44.699028
    28     8  2018       34.542137
    29     8  2018       28.165297
    30     8  2018       24.330448
    31     8  2018       21.888428
     1     9  2018       21.087858
     2     9  2018       26.235420
     3     9  2018       47.666336
     4     9  2018       64.030472
     5     9  2018       84.949722
     6     9  2018       81.029518
     7     9  2018       69.301575
     8     9  2018       58.864784
     9     9  2018       50.823357
    10     9  2018       44.526237
    11     9  2018       39.505188
    12     9  2018       35.484173
    13     9  2018       33.135513
    14     9  2018       35.158340
    15     9  2018       36.571045
    16     9  2018       37.979431
    17     9  2018       37.243542
    18     9  2018       36.395306
    19     9  2018       35.738789
    20     9  2018       32.379402
    21     9  2018       29.288250
    22     9  2018       27.025703
    23     9  2018       25.270149
    24     9  2018       25.462929
    25     9  2018       28.448778
    26     9  2018       30.131767
    27     9  2018       29.044697
    28     9  2018       28.494324
    29     9  2018       26.170015
    30     9  2018       23.951344
     1    10  2018       23.832209
     2    10  2018       34.621315
     3    10  2018       65.719284
     4    10  2018       93.858208
     5    10  2018      104.096100
     6    10  2018       91.548943
     7    10  2018       90.957184
     8    10  2018      114.502846
     9    10  2018      130.686249
    10    10  2018      148.112244
    11    10  2018      160.336151
    12    10  2018      148.148743
    13    10  2018      137.167984
    14    10  2018      143.918182
    15    10  2018      167.654968
    16    10  2018      228.052246
    17    10  2018      247.758194
    18    10  2018      275.880890
    19    10  2018      293.255890
    20    10  2018      273.056610
    21    10  2018      236.148621
    22    10  2018      198.181458
    23    10  2018      166.057083
    24    10  2018      144.701553
    25    10  2018      133.303604
    26    10  2018      128.947617
    27    10  2018      126.494797
    28    10  2018      113.648567
    29    10  2018      100.008102
    30    10  2018       88.222420
    31    10  2018       79.648117
     1    11  2018       75.030128
     2    11  2018       74.555824
     3    11  2018       74.687866
     4    11  2018       81.227463
     5    11  2018       79.677673
     6    11  2018       71.039932
     7    11  2018       66.384628
     8    11  2018       59.466507
     9    11  2018       54.081276
    10    11  2018       53.530201
    11    11  2018       52.929314
    12    11  2018       54.022575
    13    11  2018       51.879459
    14    11  2018       48.676048
    15    11  2018       45.697727
    16    11  2018       42.643608
    17    11  2018       40.446037
    18    11  2018       39.700397
    19    11  2018       39.485519
    20    11  2018       39.008568
    21    11  2018       36.152687
    22    11  2018       33.610806
    23    11  2018       31.813847
    24    11  2018       31.403349
    25    11  2018       31.946268
    26    11  2018       30.385231
    27    11  2018       28.951258
    28    11  2018       28.700180
    29    11  2018       28.619984
    30    11  2018       33.534988
     1    12  2018       40.870903
     2    12  2018       45.758465
     3    12  2018       42.081356
     4    12  2018       36.743023
     5    12  2018       33.270222
     6    12  2018       30.728104
     7    12  2018       28.854368
     8    12  2018       30.063309
     9    12  2018       31.695835
    10    12  2018       28.957863
    11    12  2018       27.000694
    12    12  2018       25.745075
    13    12  2018       24.970201
    14    12  2018       24.436169
    15    12  2018       27.239510
    16    12  2018       46.214359
    17    12  2018       73.962814
    18    12  2018       65.054276
    19    12  2018       70.183105
    20    12  2018       63.383842
    21    12  2018       59.337097
    22    12  2018       71.233536
    23    12  2018       82.384285
    24    12  2018       88.349518
    25    12  2018       77.511665
    26    12  2018       65.968796
    27    12  2018       57.302101
    28    12  2018       50.703480
    29    12  2018       45.713253
    30    12  2018       41.655304
    31    12  2018       39.678352
     1     1  2019       41.872150
     2     1  2019       38.210846
     3     1  2019       34.532639
     4     1  2019       35.843494
     5     1  2019       50.860657
     6     1  2019       61.175804
     7     1  2019       55.426258
     8     1  2019       46.724159
     9     1  2019       43.003910
    10     1  2019       41.671700
    11     1  2019       41.596615
    12     1  2019       41.086494
    13     1  2019       38.832355
    14     1  2019       55.837917
    15     1  2019       69.075203
    16     1  2019       64.093323
    17     1  2019       56.559120
    18     1  2019       56.355362
    19     1  2019       59.852287
    20     1  2019       58.057312
    21     1  2019       65.336853
    22     1  2019       61.246117
    23     1  2019       54.387558
    24     1  2019       53.829136
    25     1  2019       64.647728
    26     1  2019       67.882919
    27     1  2019       62.292515
    28     1  2019       56.810631
    29     1  2019       58.196335
    30     1  2019       57.690189
    31     1  2019       60.324638
     1     2  2019      104.103516
     2     2  2019      133.576782
     3     2  2019      118.677750
     4     2  2019      122.304459
     5     2  2019      119.821564
     6     2  2019      107.074562
     7     2  2019       95.557510
     8     2  2019       84.782761
     9     2  2019       75.329285
    10     2  2019       67.811264
    11     2  2019       61.781311
    12     2  2019       67.492905
    13     2  2019       72.014923
    14     2  2019       62.842094
    15     2  2019       60.006958
    16     2  2019       75.755959
    17     2  2019       98.306801
    18     2  2019      106.664856
    19     2  2019      115.392960
    20     2  2019      112.523834
    21     2  2019      106.741600
    22     2  2019       98.958527
    23     2  2019       92.348785
    24     2  2019       85.295349
    25     2  2019       80.973167
    26     2  2019       82.123123
    27     2  2019       84.650658
    28     2  2019       80.340210
     1     3  2019       73.783974
     2     3  2019       67.470650
     3     3  2019       62.699177
     4     3  2019       57.581558
     5     3  2019       53.178940
     6     3  2019       58.528793
     7     3  2019       74.650558
     8     3  2019       89.775620
     9     3  2019       84.178185
    10     3  2019       82.428574
    11     3  2019       78.663544
    12     3  2019       76.912811
    13     3  2019       72.803696
    14     3  2019       78.944481
    15     3  2019       81.767136
    16     3  2019       84.862793
    17     3  2019       90.021774
    18     3  2019       87.440857
    19     3  2019       85.359406
    20     3  2019       80.799904
    21     3  2019       72.731552
    22     3  2019       66.161842
    23     3  2019       61.096851
    24     3  2019       56.039085
    25     3  2019       51.820343
    26     3  2019       48.062309
    27     3  2019       44.777534
    28     3  2019       42.008457
    29     3  2019       40.069687
    30     3  2019       40.420219
    31     3  2019       38.680244
     1     4  2019       36.928226
     2     4  2019       35.309181
     3     4  2019       33.868126
     4     4  2019       32.666592
     5     4  2019       32.131859
     6     4  2019       36.227036
     7     4  2019       63.485935
     8     4  2019      118.887100
     9     4  2019      145.883728
    10     4  2019      131.336639
    11     4  2019      114.058105
    12     4  2019       99.951401
    13     4  2019       88.047150
    14     4  2019       78.004417
    15     4  2019       69.745285
    16     4  2019       63.375767
    17     4  2019       59.160172
    18     4  2019       57.752419
    19     4  2019       54.183517
    20     4  2019       50.030766
    21     4  2019       52.183739
    22     4  2019       67.598152
    23     4  2019       85.916367
    24     4  2019       86.358139
    25     4  2019       80.192276
    26     4  2019       72.916466
    27     4  2019       70.219963
    28     4  2019       83.677490
    29     4  2019       95.370033
    30     4  2019       94.410248
     1     5  2019       90.125458
     2     5  2019       84.426575
     3     5  2019       76.866982
     4     5  2019       70.328552
     5     5  2019       64.510750
     6     5  2019       59.539352
     7     5  2019       55.665459
     8     5  2019       52.996853
     9     5  2019       49.636944
    10     5  2019       47.918442
    11     5  2019       51.541328
    12     5  2019       67.847649
    13     5  2019       77.752426
    14     5  2019       69.186913
    15     5  2019       68.513908
    16     5  2019       62.501099
    17     5  2019       60.181610
    18     5  2019       60.258743
    19     5  2019       62.123806
    20     5  2019       64.234863
    21     5  2019       60.829651
    22     5  2019       56.655441
    23     5  2019       59.023869
    24     5  2019       71.480728
    25     5  2019       85.656509
    26     5  2019       88.208595
    27     5  2019       77.656975
    28     5  2019       82.302116
    29     5  2019      120.742241
    30     5  2019      183.105865
    31     5  2019      375.653809
     1     6  2019      622.018555
     2     6  2019      562.007935
     3     6  2019      472.426819
     4     6  2019      382.455231
     5     6  2019      311.417358
     6     6  2019      256.585632
     7     6  2019      214.133392
     8     6  2019      181.196350
     9     6  2019      155.354538
    10     6  2019      134.849167
    11     6  2019      118.427261
    12     6  2019      105.154556
    13     6  2019       94.330566
    14     6  2019       85.428635
    15     6  2019       78.049057
    16     6  2019       71.884804
    17     6  2019       66.699242
    18     6  2019       62.307556
    19     6  2019       58.565601
    20     6  2019       55.357498
    21     6  2019       52.589966
    22     6  2019       50.189190
    23     6  2019       48.230976
    24     6  2019       46.446259
    25     6  2019       44.752426
    26     6  2019       51.594429
    27     6  2019       90.514572
    28     6  2019      129.089310
    29     6  2019      110.950027
    30     6  2019       93.031052
     1     7  2019       82.193871
     2     7  2019       84.624199
     3     7  2019      108.557785
     4     7  2019      109.941284
     5     7  2019       96.517731
     6     7  2019       85.247330
     7     7  2019       76.922836
     8     7  2019       70.256416
     9     7  2019       64.843773
    10     7  2019       60.367371
    11     7  2019       56.630112
    12     7  2019       53.463745
    13     7  2019       50.757088
    14     7  2019       48.515343
    15     7  2019       48.596382
    16     7  2019       50.912891
    17     7  2019       50.987667
    18     7  2019       47.427296
    19     7  2019       44.653286
    20     7  2019       43.494461
    21     7  2019       42.648598
    22     7  2019       41.316528
    23     7  2019       39.904442
    24     7  2019       38.745789
    25     7  2019       37.776596
    26     7  2019       36.941231
    27     7  2019       36.264133
    28     7  2019       36.002228
    29     7  2019       35.261810
    30     7  2019       34.668137
    31     7  2019       35.026505
     1     8  2019       34.623459
     2     8  2019       33.901680
     3     8  2019       33.726860
     4     8  2019       33.765312
     5     8  2019       33.534874
     6     8  2019       32.939049
     7     8  2019       32.236320
     8     8  2019       31.677391
     9     8  2019       31.205963
    10     8  2019       30.790167
    11     8  2019       30.412466
    12     8  2019       30.063873
    13     8  2019       30.124973
    14     8  2019       30.238354
    15     8  2019       29.649410
    16     8  2019       29.542221
    17     8  2019       29.238300
    18     8  2019       29.419714
    19     8  2019       30.747631
    20     8  2019       38.136101
    21     8  2019       42.639904
    22     8  2019       37.679104
    23     8  2019       34.034771
    24     8  2019       32.506214
    25     8  2019       31.508133
    26     8  2019       30.167656
    27     8  2019       29.114220
    28     8  2019       28.368786
    29     8  2019       27.800697
    30     8  2019       27.337379
    31     8  2019       27.104231
     1     9  2019       31.634125
     2     9  2019       45.280807
     3     9  2019       52.896408
     4     9  2019       48.542503
     5     9  2019       42.574753
     6     9  2019       38.193634
     7     9  2019       40.543388
     8     9  2019       45.919426
     9     9  2019       41.229073
    10     9  2019       36.778542
    11     9  2019       33.707478
    12     9  2019       32.372036
    13     9  2019       35.455730
    14     9  2019       37.810902
    15     9  2019       34.200272
    16     9  2019       32.620373
    17     9  2019       31.276651
    18     9  2019       32.001179
    19     9  2019       43.604095
    20     9  2019       76.736191
    21     9  2019      111.904686
    22     9  2019      109.826569
    23     9  2019       91.591599
    24     9  2019       77.201736
    25     9  2019       66.820900
    26     9  2019       59.389671
    27     9  2019       54.045715
    28     9  2019       49.665657
    29     9  2019       45.987541
    30     9  2019       42.978539
     1    10  2019       40.474586
     2    10  2019       38.389576
     3    10  2019       36.925114
     4    10  2019       37.452351
     5    10  2019       37.288406
     6    10  2019       41.289230
     7    10  2019       63.626476
     8    10  2019       68.656418
     9    10  2019       58.475346
    10    10  2019       52.377632
    11    10  2019       47.311314
    12    10  2019       42.963295
    13    10  2019       39.799782
    14    10  2019       43.009636
    15    10  2019       53.914818
    16    10  2019       63.038017
    17    10  2019       63.154270
    18    10  2019       60.650684
    19    10  2019       65.768738
    20    10  2019       63.887657
    21    10  2019       56.486046
    22    10  2019       52.711777
    23    10  2019       51.728523
    24    10  2019       47.452152
    25    10  2019       44.575706
    26    10  2019       42.624424
    27    10  2019       43.203819
    28    10  2019       47.557827
    29    10  2019       56.333855
    30    10  2019       51.880787
    31    10  2019       46.325531
     1    11  2019       42.083771
     2    11  2019       39.625458
     3    11  2019       37.538471
     4    11  2019       36.322067
     5    11  2019       47.832157
     6    11  2019       56.285465
     7    11  2019       55.360935
     8    11  2019       49.785419
     9    11  2019       46.898853
    10    11  2019       46.273262
    11    11  2019       67.649002
    12    11  2019       73.382553
    13    11  2019       69.901772
    14    11  2019       64.790459
    15    11  2019       60.839630
    16    11  2019       56.563171
    17    11  2019       50.700249
    18    11  2019       45.891640
    19    11  2019       42.161442
    20    11  2019       39.171860
    21    11  2019       36.732170
    22    11  2019       34.722557
    23    11  2019       33.179298
    24    11  2019       33.024464
    25    11  2019       33.359467
    26    11  2019       34.512314
    27    11  2019       48.204521
    28    11  2019       76.537338
    29    11  2019       83.307098
    30    11  2019       69.931648
     1    12  2019       58.075981
     2    12  2019       52.460640
     3    12  2019       48.621246
     4    12  2019       43.823441
     5    12  2019       43.346748
     6    12  2019       45.140541
     7    12  2019       43.009628
     8    12  2019       39.157234
     9    12  2019       37.325581
    10    12  2019       39.922516
    11    12  2019       39.232433
    12    12  2019       36.077236
    13    12  2019       34.638474
    14    12  2019       32.538589
    15    12  2019       30.749132
    16    12  2019       32.688625
    17    12  2019       44.864456
    18    12  2019       53.280468
    19    12  2019       59.319096
    20    12  2019       51.509094
    21    12  2019       55.874557
    22    12  2019       62.961727
    23    12  2019       51.865093
    24    12  2019       43.588211
    25    12  2019       38.542660
    26    12  2019       35.111195
    27    12  2019       32.679832
    28    12  2019       30.855091
    29    12  2019       29.430822
    30    12  2019       28.302361
    31    12  2019       27.565104
     1     1  2020       33.342632
     2     1  2020       54.104797
     3     1  2020       60.147896
     4     1  2020       48.690575
     5     1  2020       49.317970
     6     1  2020       58.031281
     7     1  2020       48.441391
     8     1  2020       58.209526
     9     1  2020       60.919868
    10     1  2020       50.410652
    11     1  2020       43.228638
    12     1  2020       42.643112
    13     1  2020       42.275330
    14     1  2020       37.728401
    15     1  2020       34.168823
    16     1  2020       32.747681
    17     1  2020       39.813488
    18     1  2020       41.475746
    19     1  2020       36.272552
    20     1  2020       32.506340
    21     1  2020       30.205118
    22     1  2020       28.627655
    23     1  2020       27.477764
    24     1  2020       26.647913
    25     1  2020       25.978216
    26     1  2020       25.355869
    27     1  2020       24.841534
    28     1  2020       29.036331
    29     1  2020       40.962364
    30     1  2020       39.729919
    31     1  2020       38.567226
     1     2  2020       36.392651
     2     2  2020       32.948975
     3     2  2020       33.750534
     4     2  2020       34.377487
     5     2  2020       31.581127
     6     2  2020       45.125713
     7     2  2020       62.201050
     8     2  2020       52.741119
     9     2  2020       42.948837
    10     2  2020       38.879341
    11     2  2020       34.427601
    12     2  2020       31.037891
    13     2  2020       28.782721
    14     2  2020       27.224009
    15     2  2020       26.082682
    16     2  2020       25.211731
    17     2  2020       24.524181
    18     2  2020       24.001968
    19     2  2020       25.909872
    20     2  2020       29.659359
    21     2  2020       27.512955
    22     2  2020       26.607138
    23     2  2020       25.788870
    24     2  2020       24.382643
    25     2  2020       29.084982
    26     2  2020       65.525543
    27     2  2020      128.703918
    28     2  2020      128.471588
    29     2  2020      100.964645
     1     3  2020       81.074875
     2     3  2020       67.786362
     3     3  2020       58.623714
     4     3  2020       52.368774
     5     3  2020       46.568302
     6     3  2020       41.905865
     7     3  2020       38.228195
     8     3  2020       35.291027
     9     3  2020       32.918705
    10     3  2020       30.987896
    11     3  2020       29.406252
    12     3  2020       28.102612
    13     3  2020       27.021221
    14     3  2020       26.118019
    15     3  2020       25.358116
    16     3  2020       25.079210
    17     3  2020       29.298702
    18     3  2020       31.750309
    19     3  2020       28.876013
    20     3  2020       26.593384
    21     3  2020       25.110102
    22     3  2020       24.102852
    23     3  2020       23.380909
    24     3  2020       22.831478
    25     3  2020       22.393076
    26     3  2020       22.029392
    27     3  2020       21.717922
    28     3  2020       21.444126
    29     3  2020       21.198013
    30     3  2020       20.977825
    31     3  2020       20.774254
     1     4  2020       20.654942
     2     4  2020       20.462206
     3     4  2020       20.314713
     4     4  2020       20.148117
     5     4  2020       19.952869
     6     4  2020       20.518759
     7     4  2020       23.489265
     8     4  2020       23.788153
     9     4  2020       22.071007
    10     4  2020       20.898613
    11     4  2020       20.206793
    12     4  2020       19.740623
    13     4  2020       19.399143
    14     4  2020       20.044640
    15     4  2020       24.184443
    16     4  2020       25.057312
    17     4  2020       22.623814
    18     4  2020       20.945177
    19     4  2020       19.984694
    20     4  2020       19.360321
    21     4  2020       18.922113
    22     4  2020       18.593597
    23     4  2020       18.332987
    24     4  2020       18.116199
    25     4  2020       17.928690
    26     4  2020       17.761326
    27     4  2020       17.608170
    28     4  2020       17.465815
    29     4  2020       17.352333
    30     4  2020       17.243914
     1     5  2020       17.105762
     2     5  2020       16.972424
     3     5  2020       16.860022
     4     5  2020       16.739639
     5     5  2020       16.622963
     6     5  2020       16.563202
     7     5  2020       16.696243
     8     5  2020       16.564249
     9     5  2020       16.349466
    10     5  2020       16.177406
    11     5  2020       16.035955
    12     5  2020       15.909435
    13     5  2020       16.718466
    14     5  2020       23.274313
    15     5  2020       26.606325
    16     5  2020       22.675884
    17     5  2020       19.843464
    18     5  2020       18.294596
    19     5  2020       17.333866
    20     5  2020       16.696884
    21     5  2020       16.249266
    22     5  2020       16.775738
    23     5  2020       19.242722
    24     5  2020       18.404106
    25     5  2020       17.086128
    26     5  2020       16.281271
    27     5  2020       15.791946
    28     5  2020       15.460835
    29     5  2020       15.218819
    30     5  2020       15.030037
    31     5  2020       14.874607
     1     6  2020       15.217122
     2     6  2020       18.239916
     3     6  2020       23.383308
     4     6  2020       24.535910
     5     6  2020       22.548155
     6     6  2020       24.908070
     7     6  2020       24.652708
     8     6  2020       21.855858
     9     6  2020       31.437305
    10     6  2020       89.601845
    11     6  2020      154.526932
    12     6  2020      191.363678
    13     6  2020      182.339996
    14     6  2020      158.070602
    15     6  2020      134.639801
    16     6  2020      113.078751
    17     6  2020       95.680801
    18     6  2020       81.902573
    19     6  2020       70.878258
    20     6  2020       61.985836
    21     6  2020       54.757359
    22     6  2020       48.838627
    23     6  2020       43.959652
    24     6  2020       39.912979
    25     6  2020       37.379314
    26     6  2020       36.957195
    27     6  2020       36.994507
    28     6  2020       44.949806
    29     6  2020       42.539371
    30     6  2020       40.684223
     1     7  2020       51.814522
     2     7  2020       50.661076
     3     7  2020       43.747124
     4     7  2020       38.693115
     5     7  2020       35.184639
     6     7  2020       33.321526
     7     7  2020       34.673851
     8     7  2020       33.825764
     9     7  2020       32.249588
    10     7  2020       29.704018
    11     7  2020       27.690678
    12     7  2020       26.164644
    13     7  2020       29.256706
    14     7  2020       45.668274
    15     7  2020       45.346245
    16     7  2020       38.031723
    17     7  2020       33.614895
    18     7  2020       32.452164
    19     7  2020       30.098623
    20     7  2020       27.799692
    21     7  2020       26.098141
    22     7  2020       24.795757
    23     7  2020       23.747337
    24     7  2020       22.880632
    25     7  2020       22.152214
    26     7  2020       21.533260
    27     7  2020       21.003109
    28     7  2020       22.615696
    29     7  2020       32.630211
    30     7  2020       33.698738
    31     7  2020       28.767704
     1     8  2020       25.344536
     2     8  2020       23.357265
     3     8  2020       22.056900
     4     8  2020       21.151386
     5     8  2020       20.482859
     6     8  2020       19.968203
     7     8  2020       19.558573
     8     8  2020       19.223488
     9     8  2020       18.942970
    10     8  2020       18.703335
    11     8  2020       18.494881
    12     8  2020       18.811184
    13     8  2020       23.173546
    14     8  2020       36.061008
    15     8  2020       45.489258
    16     8  2020       75.857605
    17     8  2020       77.366783
    18     8  2020       69.544067
    19     8  2020       82.242996
    20     8  2020       98.371391
    21     8  2020      107.432358
    22     8  2020      101.451920
    23     8  2020       89.406891
    24     8  2020       77.838455
    25     8  2020       68.235504
    26     8  2020       60.286922
    27     8  2020       53.674973
    28     8  2020       48.167511
    29     8  2020       43.574623
    30     8  2020       39.738991
    31     8  2020       36.530487
     1     9  2020       33.885757
     2     9  2020       31.664396
     3     9  2020       29.746099
     4     9  2020       28.141266
     5     9  2020       26.787575
     6     9  2020       25.640812
     7     9  2020       24.665871
     8     9  2020       23.833958
     9     9  2020       23.121368
    10     9  2020       22.508656
    11     9  2020       21.979464
    12     9  2020       21.519928
    13     9  2020       21.118229
    14     9  2020       20.764679
    15     9  2020       20.451210
    16     9  2020       20.171089
    17     9  2020       20.166245
    18     9  2020       20.735153
    19     9  2020       20.306156
    20     9  2020       19.798454
    21     9  2020       19.439938
    22     9  2020       19.170780
    23     9  2020       18.950504
    24     9  2020       18.760344
    25     9  2020       18.590054
    26     9  2020       18.433590
    27     9  2020       19.768768
    28     9  2020       27.773762
    29     9  2020       43.635216
    30     9  2020       44.368652
     1    10  2020       34.818130
     2    10  2020       28.553398
     3    10  2020       25.125162
     4    10  2020       23.203697
     5    10  2020       21.708839
     6    10  2020       20.647034
     7    10  2020       20.591743
     8    10  2020       34.191353
     9    10  2020       55.102539
    10    10  2020       55.205696
    11    10  2020       44.385567
    12    10  2020       35.338131
    13    10  2020       29.925545
    14    10  2020       26.590328
    15    10  2020       24.381111
    16    10  2020       22.843327
    17    10  2020       21.729616
    18    10  2020       20.896103
    19    10  2020       20.254412
    20    10  2020       19.747763
    21    10  2020       19.338337
    22    10  2020       19.000370
    23    10  2020       18.721458
    24    10  2020       18.481817
    25    10  2020       18.267082
    26    10  2020       18.072857
    27    10  2020       17.896610
    28    10  2020       17.734644
    29    10  2020       18.058336
    30    10  2020       21.507664
    31    10  2020       27.006432
     1    11  2020       27.132187
     2    11  2020       23.459229
     3    11  2020       21.527252
     4    11  2020       21.677456
     5    11  2020       20.588324
     6    11  2020       19.276720
     7    11  2020       18.405994
     8    11  2020       17.835983
     9    11  2020       17.860949
    10    11  2020       19.212776
    11    11  2020       21.041613
    12    11  2020       44.105446
    13    11  2020       54.928097
    14    11  2020       41.683674
    15    11  2020       32.434155
    16    11  2020       33.704887
    17    11  2020       36.889481
    18    11  2020       33.732967
    19    11  2020       37.284531
    20    11  2020       40.631638
    21    11  2020       35.994194
    22    11  2020       34.559505
    23    11  2020       34.596554
    24    11  2020       29.935490
    25    11  2020       25.970955
    26    11  2020       23.762468
    27    11  2020       30.986721
    28    11  2020       54.143131
    29    11  2020       48.479759
    30    11  2020       37.867889
     1    12  2020       31.254860
     2    12  2020       27.300850
     3    12  2020       28.456911
     4    12  2020       44.421764
     5    12  2020       57.152050
     6    12  2020       98.802109
     7    12  2020      107.283501
     8    12  2020       89.388626
     9    12  2020       73.584328
    10    12  2020       69.164062
    11    12  2020       64.453804
    12    12  2020       55.646080
    13    12  2020       52.279007
    14    12  2020       49.739109
    15    12  2020       53.688496
    16    12  2020       72.267464
    17    12  2020       93.284698
    18    12  2020      124.623703
    19    12  2020      135.331680
    20    12  2020      128.557632
    21    12  2020      119.624512
    22    12  2020      103.147461
    23    12  2020       87.990448
    24    12  2020       75.423416
    25    12  2020       65.119171
    26    12  2020       56.730171
    27    12  2020       49.961136
    28    12  2020       44.642822
    29    12  2020       41.280159
    30    12  2020       45.057968
    31    12  2020       46.204163
